0 0.403642 0.997200 0.043607 0.043696
0 0.621191 0.996595 0.047107 0.044905
0 0.680547 0.689155 0.056607 0.113154
0 0.634501 0.743536 0.056976 0.096131
0 0.479131 0.689929 0.054643 0.108297
0 0.381143 0.697393 0.058703 0.097501
0 0.207679 0.704738 0.045679 0.082809
0 0.108107 0.706250 0.047393 0.083083
0 0.012440 0.981465 0.051965 0.075166
0 0.050119 0.943285 0.045429 0.085119
0 0.104619 0.987890 0.050345 0.062315
0 0.149785 0.958179 0.043655 0.064417
0 0.228215 0.966810 0.030560 0.050464
0 0.580571 0.697929 0.054202 0.098095
0 0.532726 0.655202 0.046131 0.076917
0 0.431917 0.664678 0.046381 0.063738
0 0.331893 0.671405 0.053583 0.047809
0 0.155833 0.659452 0.043666 0.072560
0 0.000905 0.690667 0.062857 0.109297
0 0.123738 0.550750 0.041464 0.065131
0 0.171345 0.533667 0.035011 0.044738
0 0.003107 0.541285 0.039072 0.044369
0 0.064846 0.355096 0.052619 0.128310
0 0.224440 0.353536 0.042857 0.121512
0 0.352809 0.356107 0.050785 0.122976
0 0.313345 0.444048 0.038809 0.061976
0 0.438024 0.476238 0.049297 0.095131
0 0.421822 0.553024 0.036726 0.053131
0 0.470738 0.531428 0.036215 0.047571
0 0.589178 0.555560 0.040833 0.048083
0 0.303679 0.529905 0.035178 0.047297
0 0.266690 0.552274 0.026512 0.048869
0 0.946202 0.523120 0.038262 0.049321
0 0.977792 0.544357 0.044416 0.085369
0 0.984197 0.447155 0.031607 0.101238
0 0.862703 0.372476 0.047310 0.129095
0 0.812512 0.457738 0.041167 0.062714
0 0.805310 0.549357 0.039976 0.052215
0 0.771071 0.510096 0.045083 0.056345
0 0.638274 0.537762 0.034059 0.046477
0 0.690334 0.368261 0.052202 0.118499
0 0.644714 0.454881 0.037846 0.058512
0 0.597358 0.500512 0.031560 0.051536
0 0.517440 0.358714 0.046965 0.126035
0 0.147690 0.469619 0.044738 0.110024
0 0.272345 0.497000 0.027071 0.052774
0 0.479238 0.454976 0.037274 0.052477
