0 0.857354 0.345917 0.034646 0.043615
0 0.867740 0.310146 0.040771 0.036427
0 0.881073 0.269771 0.032188 0.042458
0 0.892760 0.233292 0.035323 0.037490
0 0.934625 0.056458 0.038771 0.042563
0 0.943865 0.020604 0.035552 0.039552
0 0.951823 0.003521 0.034104 0.007042
0 0.924781 0.093365 0.033552 0.042594
0 0.918156 0.129083 0.034760 0.040260
0 0.911188 0.164875 0.037448 0.040979
0 0.899438 0.197156 0.032031 0.038281
0 0.567156 0.815406 0.010813 0.023125
0 0.598844 0.871896 0.052625 0.138052
0 0.258146 0.878990 0.048302 0.117385
0 0.299740 0.914271 0.053698 0.134198
0 0.342167 0.877083 0.044521 0.074740
