0 0.763906 0.748104 0.037198 0.059469
0 0.798438 0.726156 0.040448 0.062156
0 0.829312 0.699719 0.042177 0.075979
0 0.867948 0.658823 0.054906 0.107469
0 0.803135 0.639333 0.038281 0.107063
0 0.745906 0.621896 0.047490 0.097094
0 0.708927 0.660469 0.045125 0.077823
0 0.766844 0.680417 0.040177 0.071917
0 0.737187 0.707469 0.034396 0.063365
0 0.703667 0.730146 0.040385 0.062125
0 0.638542 0.713781 0.038865 0.055083
0 0.672823 0.688229 0.040187 0.064240
0 0.639198 0.663854 0.035125 0.042823
0 0.606917 0.670229 0.037823 0.068417
0 0.573490 0.697281 0.033167 0.059865
0 0.684615 0.603094 0.047135 0.102875
0 0.558792 0.571677 0.045708 0.096281
0 0.491552 0.554323 0.046479 0.104958
0 0.423531 0.539240 0.043510 0.099687
0 0.357688 0.529615 0.043437 0.089281
0 0.297615 0.512604 0.053490 0.099448
0 0.383219 0.655625 0.037375 0.066531
0 0.446979 0.665990 0.037604 0.070385
0 0.511437 0.684729 0.035625 0.059667
0 0.542396 0.657510 0.031917 0.074323
0 0.478656 0.639073 0.031385 0.073594
0 0.453667 0.599458 0.045917 0.074719
0 0.415979 0.626979 0.033781 0.077531
0 0.354448 0.613042 0.043479 0.079375
0 0.384583 0.586385 0.033656 0.072667
0 0.323510 0.572219 0.046698 0.075677
0 0.319052 0.642646 0.036333 0.067896
0 0.257125 0.631615 0.040479 0.067531
0 0.190083 0.622427 0.038042 0.069990
0 0.220760 0.592542 0.032958 0.070469
0 0.253792 0.565948 0.036333 0.075927
0 0.222146 0.498646 0.048646 0.102031
0 0.183375 0.554812 0.028958 0.064917
0 0.152969 0.584427 0.030333 0.067896
0 0.126750 0.613250 0.032146 0.071719
0 0.078500 0.627729 0.028208 0.027563
0 0.084948 0.590729 0.027365 0.045156
0 0.006531 0.501781 0.013062 0.041531
0 0.153260 0.494708 0.034552 0.093281
0 0.124458 0.541187 0.039135 0.076979
0 0.113604 0.048417 0.041312 0.096833
0 0.012266 0.464115 0.024531 0.034021
0 0.018760 0.429510 0.035490 0.034927
0 0.030625 0.397885 0.022906 0.033552
0 0.033594 0.365365 0.030552 0.036979
0 0.042812 0.324542 0.031917 0.043604
0 0.050427 0.288844 0.031542 0.034073
0 0.065115 0.253469 0.034135 0.034271
0 0.066125 0.221698 0.033969 0.038396
0 0.078042 0.183094 0.034052 0.042844
0 0.088062 0.146187 0.028854 0.034219
0 0.099333 0.112365 0.033552 0.035031
0 0.509344 0.630833 0.035250 0.046635
