0 0.763906 0.251896 0.037198 0.059469
0 0.798438 0.273844 0.040448 0.062156
0 0.829312 0.300281 0.042177 0.075979
0 0.867948 0.341177 0.054906 0.107469
0 0.803135 0.360667 0.038281 0.107063
0 0.745906 0.378104 0.047490 0.097094
0 0.708927 0.339531 0.045125 0.077823
0 0.766844 0.319583 0.040177 0.071917
0 0.737187 0.292531 0.034396 0.063365
0 0.703667 0.269854 0.040385 0.062125
0 0.638542 0.286219 0.038865 0.055083
0 0.672823 0.311771 0.040187 0.064240
0 0.639198 0.336146 0.035125 0.042823
0 0.606917 0.329771 0.037823 0.068417
0 0.573490 0.302719 0.033167 0.059865
0 0.684615 0.396906 0.047135 0.102875
0 0.558792 0.428323 0.045708 0.096281
0 0.491552 0.445677 0.046479 0.104958
0 0.423531 0.460760 0.043510 0.099687
0 0.357688 0.470385 0.043437 0.089281
0 0.297615 0.487396 0.053490 0.099448
0 0.383219 0.344375 0.037375 0.066531
0 0.446979 0.334010 0.037604 0.070385
0 0.511437 0.315271 0.035625 0.059667
0 0.542396 0.342490 0.031917 0.074323
0 0.478656 0.360927 0.031385 0.073594
0 0.453667 0.400542 0.045917 0.074719
0 0.415979 0.373021 0.033781 0.077531
0 0.354448 0.386958 0.043479 0.079375
0 0.384583 0.413615 0.033656 0.072667
0 0.323510 0.427781 0.046698 0.075677
0 0.319052 0.357354 0.036333 0.067896
0 0.257125 0.368385 0.040479 0.067531
0 0.190083 0.377573 0.038042 0.069990
0 0.220760 0.407458 0.032958 0.070469
0 0.253792 0.434052 0.036333 0.075927
0 0.222146 0.501354 0.048646 0.102031
0 0.183375 0.445188 0.028958 0.064917
0 0.152969 0.415573 0.030333 0.067896
0 0.126750 0.386750 0.032146 0.071719
0 0.078500 0.372271 0.028208 0.027563
0 0.084948 0.409271 0.027365 0.045156
0 0.006531 0.498219 0.013062 0.041531
0 0.153260 0.505292 0.034552 0.093281
0 0.124458 0.458813 0.039135 0.076979
0 0.113604 0.951583 0.041312 0.096833
0 0.012266 0.535885 0.024531 0.034021
0 0.018760 0.570490 0.035490 0.034927
0 0.030625 0.602115 0.022906 0.033552
0 0.033594 0.634635 0.030552 0.036979
0 0.042812 0.675458 0.031917 0.043604
0 0.050427 0.711156 0.031542 0.034073
0 0.065115 0.746531 0.034135 0.034271
0 0.066125 0.778302 0.033969 0.038396
0 0.078042 0.816906 0.034052 0.042844
0 0.088062 0.853813 0.028854 0.034219
0 0.099333 0.887635 0.033552 0.035031
0 0.509344 0.369167 0.035250 0.046635
