1 0.746021 0.089635 0.026875 0.035563
1 0.774135 0.074667 0.026260 0.035333
1 0.812760 0.090625 0.026312 0.022271
1 0.845562 0.083042 0.025750 0.030854
1 0.143604 0.990234 0.035521 0.019531
1 0.241510 0.988792 0.038969 0.022417
1 0.212146 0.968539 0.036646 0.062922
1 0.175687 0.978849 0.039656 0.042302
1 0.275667 0.980294 0.042177 0.039411
1 0.306948 0.998010 0.034844 0.003979
1 0.336750 0.988247 0.037417 0.023505
1 0.402500 0.994938 0.038385 0.010125
0 0.556177 0.996125 0.054156 0.007750
0 0.436240 0.987961 0.039281 0.024078
0 0.485969 0.988516 0.050375 0.022969
0 0.367990 0.981091 0.037188 0.037818
1 0.915594 0.081406 0.030875 0.022719