1 0.006865 0.057552 0.013729 0.061365
1 0.012995 0.005234 0.025990 0.010469
1 0.082823 0.014896 0.045646 0.029792
1 0.478187 0.019117 0.038156 0.038234
1 0.668542 0.019646 0.041219 0.039292
1 0.584625 0.013195 0.043542 0.026391
1 0.720479 0.288656 0.049531 0.099010
1 0.680188 0.241073 0.049854 0.084115
1 0.544240 0.287979 0.047813 0.094760
1 0.458500 0.281448 0.051365 0.085313
1 0.306719 0.275021 0.039969 0.072458
1 0.219594 0.273698 0.041469 0.072698
1 0.033625 0.281990 0.044156 0.091458
1 0.077656 0.311115 0.039646 0.062937
1 0.044042 0.022242 0.033906 0.044484
1 0.135885 0.032885 0.045469 0.065771
1 0.168854 0.066292 0.039750 0.074479
1 0.216542 0.027263 0.044052 0.054526
1 0.256062 0.053260 0.038198 0.056365
1 0.318031 0.001219 0.040187 0.002438
1 0.324688 0.045708 0.026740 0.044156
1 0.631615 0.014044 0.029469 0.028089
1 0.633000 0.280979 0.047427 0.085833
1 0.591135 0.318365 0.040365 0.067302
1 0.502927 0.310073 0.040583 0.055771
1 0.415406 0.304187 0.046885 0.041833
1 0.261354 0.314646 0.038208 0.063490
1 0.125792 0.287333 0.055000 0.095635
1 0.233271 0.409760 0.036281 0.056990
1 0.274927 0.424708 0.030635 0.039146
1 0.088167 0.406042 0.042594 0.060406
1 0.127719 0.418042 0.034188 0.038823
1 0.074781 0.496625 0.038250 0.053531
1 0.039833 0.573427 0.039229 0.117448
1 0.108333 0.453490 0.033750 0.041021
1 0.181740 0.580958 0.046042 0.112271
1 0.321385 0.582323 0.037500 0.106323
1 0.433708 0.580073 0.044437 0.107604
1 0.399177 0.503125 0.033958 0.054229
1 0.508271 0.474958 0.043135 0.083240
1 0.494094 0.407771 0.032135 0.046490
1 0.536896 0.426667 0.031688 0.041625
1 0.640531 0.405552 0.035729 0.042073
1 0.390719 0.428000 0.030781 0.041385
1 0.358354 0.408427 0.023198 0.042760
1 0.952927 0.433937 0.033479 0.043156
1 0.980568 0.415354 0.038865 0.074698
1 0.986172 0.500406 0.027656 0.088583
1 0.879865 0.565750 0.041396 0.112958
1 0.835948 0.491146 0.036021 0.054875
1 0.829646 0.410979 0.034979 0.045688
1 0.799687 0.445333 0.039448 0.049302
1 0.683490 0.421125 0.029802 0.040667
1 0.729042 0.569438 0.045677 0.103687
1 0.689125 0.493646 0.033115 0.051198
1 0.647688 0.453719 0.027615 0.045094
1 0.577760 0.577792 0.041094 0.110281
1 0.254229 0.480750 0.039146 0.096271
1 0.363302 0.456792 0.023687 0.046177
1 0.544333 0.493563 0.032615 0.045917
0 0.029516 0.363812 0.059031 0.047083
0 0.094219 0.360458 0.039833 0.030708
0 0.257510 0.368938 0.061948 0.055083
0 0.610021 0.372500 0.033927 0.086729
0 0.767552 0.363635 0.061531 0.091271
0 0.832177 0.365531 0.054385 0.059427
0 0.687354 0.371906 0.051156 0.056573
0 0.964187 0.354260 0.070042 0.068063
0 0.901406 0.352490 0.064917 0.065844
3 0.216365 0.516542 0.036438 0.078854
3 0.730635 0.833750 0.087635 0.071885
3 0.737365 0.963451 0.040740 0.073099
3 0.786698 0.956385 0.069521 0.072906
3 0.799750 0.987919 0.042344 0.024161
3 0.690875 0.997398 0.077771 0.005203
3 0.644250 0.853927 0.041021 0.056031
3 0.672302 0.881979 0.048115 0.088906
3 0.589792 0.877458 0.062740 0.091490
3 0.061875 0.949135 0.066396 0.064198
3 0.203875 0.867271 0.061365 0.069948
3 0.247469 0.841677 0.046406 0.048927
3 0.356510 0.851281 0.021906 0.065823
3 0.318562 0.864406 0.042354 0.053760
3 0.314469 0.901833 0.049250 0.048531
3 0.538719 0.848021 0.036177 0.059313
3 0.461927 0.853469 0.028438 0.080646
3 0.497719 0.865271 0.050875 0.064781
3 0.468667 0.957323 0.052365 0.068958
3 0.510833 0.977961 0.051333 0.044078
3 0.573958 0.962289 0.037771 0.075422
3 0.613073 0.979409 0.055917 0.041182
3 0.615583 0.945385 0.052531 0.045104
3 0.415208 0.991888 0.052219 0.016224
3 0.403083 0.853375 0.067458 0.042156
3 0.390833 0.898646 0.042958 0.079292
3 0.328000 0.969836 0.034521 0.060328
3 0.246687 0.974562 0.032083 0.039625
3 0.289729 0.991599 0.050135 0.016802
3 0.216740 0.997112 0.066198 0.005776
3 0.132250 0.981734 0.051344 0.036531
3 0.172615 0.977378 0.037125 0.045245
3 0.124260 0.938302 0.040260 0.054135
3 0.174875 0.925271 0.044219 0.046656
3 0.216917 0.938198 0.041917 0.121385
3 0.128833 0.848375 0.041115 0.061177
3 0.091083 0.889646 0.059750 0.074062
3 0.047240 0.848865 0.055031 0.079552
3 0.011906 0.843677 0.023812 0.068010
3 0.085563 0.996820 0.038323 0.006359
3 0.281521 0.931635 0.044875 0.076792
3 0.015180 0.913323 0.030359 0.077312
2 0.735833 0.006812 0.029177 0.013625
2 0.824521 0.011508 0.038115 0.023016
2 0.874573 0.007016 0.035250 0.014031
2 0.924844 0.004771 0.040917 0.009542
2 0.976167 0.002320 0.034698 0.004641
2 0.921125 0.112240 0.045969 0.131083
2 0.871729 0.118063 0.051615 0.139042
2 0.819667 0.120396 0.048260 0.144448
2 0.770635 0.118656 0.045812 0.137292
2 0.798656 0.027146 0.037146 0.042521
2 0.850000 0.047594 0.031708 0.084146
2 0.896865 0.043073 0.032760 0.081740
2 0.992612 0.024690 0.014776 0.049380
2 0.954875 0.025914 0.044344 0.051828
2 0.091990 0.607125 0.078635 0.156594
2 0.238125 0.609250 0.084313 0.149073
2 0.514250 0.605927 0.068583 0.140208
2 0.657677 0.596854 0.054531 0.133844
2 0.809688 0.588208 0.059927 0.129063
2 0.962917 0.579281 0.060417 0.135479
2 0.011148 0.494083 0.022297 0.042302
2 0.144760 0.507448 0.045167 0.050635
2 0.177146 0.459042 0.048156 0.044302
2 0.157281 0.405760 0.036396 0.042188
2 0.910000 0.429500 0.056812 0.074958
2 0.910385 0.488521 0.042146 0.045156
2 0.877760 0.458615 0.045292 0.070656
2 0.756771 0.437552 0.044573 0.064573
2 0.713198 0.415281 0.036125 0.056812
2 0.726333 0.470729 0.051531 0.075031
2 0.629667 0.500927 0.027240 0.038333
2 0.764844 0.509562 0.045927 0.065177
2 0.570698 0.418552 0.041656 0.048646
2 0.616813 0.440531 0.050771 0.067594
2 0.580104 0.457802 0.038396 0.046958
2 0.469188 0.505010 0.037219 0.048708
2 0.431104 0.468052 0.039021 0.056437
2 0.420458 0.415750 0.041271 0.054812
2 0.304417 0.419125 0.046021 0.057875
2 0.017557 0.413625 0.035115 0.062333
2 0.050000 0.420969 0.038062 0.039490
2 0.324156 0.476813 0.038979 0.070958
2 0.202219 0.426812 0.039604 0.034323
1 0.084937 0.050437 0.032073 0.050135
2 0.362198 0.556833 0.027385 0.035208