1 0.280448 0.018945 0.043146 0.037891
1 0.129865 0.027781 0.041396 0.055562
1 0.542771 0.393177 0.041312 0.113354
1 0.447927 0.010643 0.035490 0.021286
1 0.459792 0.035448 0.022906 0.033552
1 0.462760 0.067969 0.030552 0.036979
1 0.471979 0.108792 0.031917 0.043604
1 0.479594 0.144490 0.031542 0.034073
1 0.494281 0.179865 0.034135 0.034271
1 0.495292 0.211635 0.033969 0.038396
1 0.507208 0.250240 0.034052 0.042844
1 0.517229 0.287146 0.028854 0.034219
1 0.528500 0.320969 0.033552 0.035031
3 0.012227 0.267083 0.024453 0.071885
3 0.003867 0.397396 0.007734 0.074323
3 0.036698 0.389719 0.069521 0.072906
3 0.049750 0.451198 0.042344 0.084052
3 0.016440 0.473542 0.032880 0.078042
4 0.430750 0.488406 0.036521 0.047510
4 0.375927 0.492260 0.035177 0.041094
4 0.286792 0.504594 0.039448 0.038667
4 0.330625 0.496323 0.044667 0.042135
4 0.252187 0.509927 0.043240 0.041094
4 0.206885 0.510479 0.040958 0.038667
4 0.159000 0.515448 0.046458 0.039198
4 0.112167 0.513656 0.044635 0.041479
4 0.073146 0.519896 0.045490 0.043375
4 0.035625 0.525562 0.032875 0.046448
4 0.009352 0.522031 0.018703 0.045667
2 0.059688 0.043036 0.059927 0.086073
2 0.212917 0.040177 0.060417 0.080354
2 0.508521 0.005563 0.049719 0.011125
2 0.619917 0.002698 0.032271 0.005396
2 0.711979 0.373073 0.051625 0.100281
2 0.701719 0.306969 0.036552 0.037208
2 0.691688 0.272667 0.027927 0.035531
2 0.683583 0.236729 0.034583 0.037948
2 0.673729 0.199448 0.033688 0.040615
2 0.663333 0.161260 0.031688 0.034854
2 0.655344 0.131115 0.026333 0.036333
2 0.648115 0.092792 0.029031 0.036177
2 0.636083 0.053750 0.030292 0.030917
2 0.630563 0.018260 0.033969 0.036521
2 0.358813 0.013622 0.053594 0.027245
1 0.990630 0.676927 0.018740 0.136833
1 0.443719 0.773812 0.058312 0.120406
2 0.591375 0.785604 0.071594 0.118156
2 0.517771 0.809333 0.067708 0.131104
2 0.426781 0.910625 0.067750 0.151656