1 0.857354 0.345917 0.034646 0.043615
1 0.867740 0.310146 0.040771 0.036427
1 0.881073 0.269771 0.032188 0.042458
1 0.892760 0.233292 0.035323 0.037490
1 0.934625 0.056458 0.038771 0.042563
1 0.943865 0.020604 0.035552 0.039552
1 0.951823 0.003521 0.034104 0.007042
1 0.924781 0.093365 0.033552 0.042594
1 0.918156 0.129083 0.034760 0.040260
1 0.911188 0.164875 0.037448 0.040979
1 0.899438 0.197156 0.032031 0.038281
4 0.964156 0.471198 0.043531 0.041365
2 0.690594 0.377187 0.053594 0.150031
2 0.712500 0.251677 0.040031 0.039896
2 0.728906 0.178292 0.038271 0.038760
2 0.744292 0.109125 0.034469 0.035750
2 0.763292 0.037698 0.043042 0.032646
2 0.772562 0.009031 0.035115 0.018062
2 0.694865 0.290323 0.039333 0.034062
2 0.719667 0.217240 0.033042 0.044573
2 0.738812 0.146802 0.039698 0.037562
2 0.753625 0.072573 0.043583 0.038417
1 0.567156 0.815406 0.010813 0.023125
3 0.473365 0.739563 0.055469 0.077323
1 0.598844 0.871896 0.052625 0.138052
1 0.258146 0.878990 0.048302 0.117385
1 0.299740 0.914271 0.053698 0.134198
1 0.342167 0.877083 0.044521 0.074740
4 0.998169 0.941823 0.003661 0.074292
3 0.961979 0.927927 0.057490 0.144146