1 0.763906 0.986081 0.037198 0.027839
1 0.798438 0.996383 0.040448 0.007234
1 0.703667 0.994396 0.040385 0.011208
0 0.477094 0.997424 0.042625 0.005151
0 0.533365 0.993526 0.065240 0.012948
0 0.600500 0.987029 0.066865 0.025943
0 0.657833 0.980490 0.043771 0.039021
0 0.733927 0.973542 0.045802 0.046156
0 0.817052 0.958771 0.101635 0.082458
2 0.011591 0.715333 0.023182 0.055719
2 0.054802 0.708656 0.041344 0.051917
2 0.147448 0.736792 0.047896 0.061844
2 0.162406 0.828510 0.049854 0.134958
2 0.222635 0.828302 0.058510 0.141906
2 0.291167 0.817135 0.059521 0.129125
2 0.412260 0.797750 0.056771 0.132760
2 0.657823 0.745396 0.047740 0.137906
2 0.593760 0.757062 0.048021 0.132552
2 0.530875 0.772646 0.047281 0.136510
2 0.468948 0.783115 0.046823 0.129479
2 0.439594 0.627156 0.022427 0.027937
2 0.627094 0.663062 0.024000 0.030615
2 0.592677 0.636260 0.022979 0.027021
2 0.557333 0.611437 0.027469 0.032542
2 0.535427 0.648010 0.028604 0.039479
2 0.567031 0.676198 0.026448 0.044375
2 0.505073 0.688521 0.027542 0.041802
2 0.382396 0.636219 0.026500 0.032823
2 0.412750 0.665438 0.027563 0.032406
2 0.442271 0.704500 0.023687 0.053156
2 0.498406 0.618469 0.023208 0.027469
2 0.353115 0.678771 0.028417 0.046583
2 0.381531 0.708375 0.029687 0.046208
2 0.322229 0.715219 0.032823 0.048865
2 0.292969 0.684698 0.026615 0.051073
2 0.318177 0.646167 0.024729 0.028448
2 0.259156 0.655260 0.024354 0.028240
2 0.201167 0.658677 0.029292 0.032854
2 0.233240 0.681656 0.031344 0.031010
2 0.204823 0.733646 0.037427 0.057771
2 0.175562 0.694583 0.031208 0.051729
2 0.026354 0.692917 0.037385 0.056479
2 0.086542 0.673573 0.029062 0.027354
2 0.103573 0.839000 0.059438 0.141219
2 0.052260 0.843719 0.050948 0.142396
2 0.012310 0.852729 0.024620 0.146437
2 0.141250 0.665354 0.024823 0.027823
2 0.078812 0.765021 0.029771 0.086688
2 0.028885 0.753969 0.039750 0.063854