1 0.107354 0.345917 0.034646 0.043615
1 0.117740 0.310146 0.040771 0.036427
1 0.131073 0.269771 0.032188 0.042458
1 0.142760 0.233292 0.035323 0.037490
1 0.184625 0.056458 0.038771 0.042563
1 0.193865 0.020604 0.035552 0.039552
1 0.201823 0.003521 0.034104 0.007042
1 0.174781 0.093365 0.033552 0.042594
1 0.168156 0.129083 0.034760 0.040260
1 0.161188 0.164875 0.037448 0.040979
1 0.149438 0.197156 0.032031 0.038281
1 0.346198 0.030826 0.063573 0.061651
1 0.505771 0.023703 0.059573 0.047406
1 0.650448 0.027117 0.062510 0.054234
1 0.789833 0.032742 0.039229 0.065484
1 0.931740 0.035214 0.046042 0.070427
3 0.704417 0.309760 0.043635 0.087104
3 0.678333 0.382823 0.049917 0.100885
3 0.619073 0.393333 0.032490 0.047625
3 0.682688 0.460323 0.044937 0.086427
3 0.811875 0.382469 0.066396 0.064198
3 0.953875 0.300604 0.061365 0.069948
3 0.987133 0.275010 0.025734 0.048927
3 0.990323 0.407896 0.019354 0.039625
3 0.966740 0.470833 0.066198 0.086552
3 0.882250 0.447396 0.051344 0.101187
3 0.922615 0.420792 0.037125 0.065406
3 0.874260 0.371635 0.040260 0.054135
3 0.924875 0.358604 0.044219 0.046656
3 0.966917 0.371531 0.041917 0.121385
3 0.878833 0.281708 0.041115 0.061177
3 0.841083 0.322979 0.059750 0.074062
3 0.797240 0.282198 0.055031 0.079552
3 0.756802 0.277010 0.034021 0.068010
3 0.725594 0.397625 0.048198 0.059698
3 0.835563 0.453854 0.038323 0.053760
3 0.726438 0.447177 0.046458 0.090323
3 0.755146 0.346656 0.050427 0.077312
3 0.622813 0.339000 0.051562 0.084062
4 0.214156 0.471198 0.043531 0.041365
4 0.264333 0.472146 0.025604 0.030302
4 0.312385 0.474042 0.026312 0.031740
4 0.357156 0.481698 0.032260 0.028208
4 0.493750 0.496583 0.029885 0.028531
4 0.543990 0.498417 0.019677 0.027490
4 0.590990 0.503510 0.027719 0.032979
4 0.637823 0.512542 0.029542 0.022771
4 0.455052 0.498021 0.031396 0.024344
4 0.769427 0.514375 0.030135 0.033500
4 0.728542 0.514313 0.030802 0.031021
4 0.682781 0.515490 0.034667 0.040438
4 0.873083 0.526021 0.036073 0.040302
4 0.837594 0.518365 0.029865 0.032063
4 0.811552 0.519375 0.029615 0.035271
4 0.911656 0.525562 0.034333 0.034677
2 0.005763 0.109125 0.011526 0.035750
2 0.017406 0.037698 0.034812 0.032646
2 0.022562 0.009031 0.035115 0.018062
2 0.004331 0.146802 0.008661 0.037562
2 0.012708 0.072573 0.025417 0.038417
2 0.276562 0.001979 0.050312 0.003958
2 0.425688 0.023635 0.054385 0.047271
2 0.561521 0.040589 0.050448 0.081177
2 0.715917 0.047326 0.067490 0.094651
2 0.841990 0.059378 0.078635 0.118755
2 0.972984 0.058560 0.054031 0.117120
1 0.989018 0.837698 0.021964 0.113823
1 0.470698 0.862042 0.058208 0.121281
4 0.313552 0.941823 0.134427 0.074292
3 0.211979 0.927927 0.057490 0.144146