1 0.039833 0.032742 0.039229 0.065484
1 0.181740 0.035214 0.046042 0.070427
1 0.321385 0.034409 0.037500 0.068818
1 0.433708 0.033604 0.044437 0.067208
1 0.879865 0.027781 0.041396 0.055562
1 0.729042 0.027307 0.045677 0.054615
1 0.577760 0.033133 0.041094 0.066266
3 0.730635 0.267083 0.087635 0.071885
3 0.737365 0.397396 0.040740 0.074323
3 0.786698 0.389719 0.069521 0.072906
3 0.799750 0.451198 0.042344 0.084052
3 0.690875 0.471958 0.077771 0.087656
3 0.754000 0.473542 0.057760 0.078042
3 0.644250 0.287260 0.041021 0.056031
3 0.672302 0.315313 0.048115 0.088906
3 0.589792 0.310792 0.062740 0.091490
3 0.061875 0.382469 0.066396 0.064198
3 0.203875 0.300604 0.061365 0.069948
3 0.247469 0.275010 0.046406 0.048927
3 0.356510 0.284615 0.021906 0.065823
3 0.318562 0.297740 0.042354 0.053760
3 0.314469 0.335167 0.049250 0.048531
3 0.538719 0.281354 0.036177 0.059313
3 0.461927 0.286802 0.028438 0.080646
3 0.497719 0.298604 0.050875 0.064781
3 0.468667 0.390656 0.052365 0.068958
3 0.510833 0.417187 0.051333 0.055865
3 0.573958 0.396677 0.037771 0.077531
3 0.613073 0.447646 0.055917 0.110990
3 0.567312 0.478052 0.052344 0.059208
3 0.524927 0.466250 0.038240 0.040250
3 0.615583 0.378719 0.052531 0.045104
3 0.415208 0.447875 0.052219 0.061531
3 0.378135 0.469188 0.047729 0.070500
3 0.403083 0.286708 0.067458 0.042156
3 0.390833 0.331979 0.042958 0.079292
3 0.328000 0.440333 0.034521 0.134656
3 0.246687 0.407896 0.032083 0.039625
3 0.289729 0.463385 0.050135 0.093708
3 0.216740 0.470833 0.066198 0.086552
3 0.132250 0.447396 0.051344 0.101187
3 0.172615 0.420792 0.037125 0.065406
3 0.124260 0.371635 0.040260 0.054135
3 0.174875 0.358604 0.044219 0.046656
3 0.216917 0.371531 0.041917 0.121385
3 0.128833 0.281708 0.041115 0.061177
3 0.091083 0.322979 0.059750 0.074062
3 0.047240 0.282198 0.055031 0.079552
3 0.011906 0.277010 0.023812 0.068010
3 0.085563 0.453854 0.038323 0.053760
3 0.281521 0.364969 0.044875 0.076792
3 0.015180 0.346656 0.030359 0.077312
3 0.332365 0.544406 0.046729 0.130760
4 0.990284 0.509927 0.019432 0.041094
4 0.956885 0.510479 0.040958 0.038667
4 0.909000 0.515448 0.046458 0.039198
4 0.862167 0.513656 0.044635 0.041479
4 0.823146 0.519896 0.045490 0.043375
4 0.785625 0.525562 0.032875 0.046448
4 0.744219 0.522031 0.048969 0.045667
4 0.707979 0.527354 0.037719 0.045469
4 0.674844 0.528500 0.038583 0.040563
4 0.019427 0.514375 0.030135 0.033500
4 0.123083 0.526021 0.036073 0.040302
4 0.087594 0.518365 0.029865 0.032063
4 0.061552 0.519375 0.029615 0.035271
4 0.161656 0.525562 0.034333 0.034677
4 0.449875 0.529938 0.036125 0.036375
4 0.412167 0.527979 0.027823 0.032458
4 0.378479 0.526375 0.031094 0.030427
4 0.485896 0.532792 0.026906 0.026760
4 0.559031 0.531448 0.027167 0.046448
4 0.589781 0.527885 0.029771 0.040500
4 0.629552 0.526438 0.033958 0.032917
2 0.091990 0.059378 0.078635 0.118755
2 0.238125 0.058560 0.084313 0.117120
2 0.514250 0.054682 0.068583 0.109365
2 0.657677 0.048555 0.054531 0.097109
2 0.809688 0.043036 0.059927 0.086073
2 0.962917 0.040177 0.060417 0.080354
1 0.258719 0.837698 0.061365 0.113823
1 0.324750 0.825646 0.029802 0.081750
1 0.377354 0.816208 0.043740 0.057542
4 0.706115 0.921240 0.063115 0.074281
4 0.613583 0.945427 0.068615 0.080760
2 0.362198 0.003885 0.027385 0.007771