1 0.005836 0.121490 0.011672 0.126427
1 0.061104 0.124604 0.053865 0.125865
1 0.107625 0.118917 0.056031 0.113656
1 0.008896 0.058104 0.017792 0.033583
1 0.083031 0.063760 0.031281 0.036417
1 0.442490 0.066708 0.029906 0.038073
1 0.481823 0.124969 0.059646 0.122333
1 0.526531 0.068073 0.033396 0.039104
1 0.400969 0.123281 0.056396 0.118146
1 0.150323 0.096260 0.047656 0.100563
1 0.841677 0.123542 0.052073 0.119500
1 0.690635 0.086198 0.026104 0.032083
1 0.610396 0.121240 0.042833 0.099615
1 0.562521 0.124396 0.056458 0.117813
1 0.588823 0.067323 0.034594 0.035896
1 0.664802 0.063177 0.031948 0.031000
1 0.920646 0.127906 0.053427 0.123979
1 0.897573 0.060844 0.035563 0.035667
1 0.972969 0.059990 0.038344 0.037365
1 0.783135 0.458531 0.044365 0.098031
1 0.842875 0.452021 0.049323 0.088417
1 0.906083 0.446937 0.050167 0.081635
1 0.964531 0.441896 0.039802 0.076635
1 0.018953 0.336250 0.037906 0.038437
1 0.083687 0.342292 0.030042 0.047104
1 0.146281 0.343417 0.033062 0.047667
1 0.227021 0.342031 0.029958 0.045740
1 0.308677 0.346104 0.024438 0.058125
1 0.436312 0.346365 0.030292 0.042521
1 0.703219 0.350250 0.043344 0.054542
1 0.651187 0.354323 0.035427 0.056760
1 0.772365 0.338229 0.030469 0.038990
1 0.852229 0.380063 0.031240 0.042052
1 0.910698 0.374635 0.032229 0.039698
1 0.967823 0.371177 0.033354 0.035312
1 0.959250 0.324958 0.029302 0.026875
1 0.899531 0.329844 0.033354 0.025604
1 0.838000 0.329344 0.030010 0.023771
1 0.794469 0.382156 0.028833 0.036917
1 0.739271 0.381167 0.030625 0.033240
1 0.679937 0.427896 0.029677 0.035917
1 0.600823 0.427635 0.032646 0.034552
1 0.519948 0.426010 0.031521 0.032146
1 0.555458 0.382771 0.030906 0.034740
1 0.512781 0.342802 0.032271 0.034562
1 0.473760 0.383635 0.031427 0.041479
1 0.393677 0.384677 0.028687 0.039406
1 0.144604 0.443469 0.048156 0.076406
1 0.228781 0.457000 0.045542 0.106844
1 0.001135 0.378073 0.002271 0.043177
1 0.106854 0.377844 0.033104 0.042708
1 0.267365 0.380177 0.032594 0.038042
1 0.041177 0.509344 0.054083 0.096156
1 0.016901 0.554656 0.033802 0.087531
1 0.039292 0.597385 0.051250 0.082198
1 0.015016 0.633531 0.030031 0.073052
1 0.120219 0.593188 0.048708 0.075510
1 0.078740 0.555510 0.053104 0.085833
1 0.156271 0.555156 0.045417 0.087479
1 0.112812 0.500125 0.044896 0.076885
1 0.193042 0.503646 0.042583 0.083063
1 0.455521 0.485125 0.036510 0.038469
1 0.393802 0.511188 0.036927 0.092219
1 0.435542 0.556906 0.047396 0.090323
1 0.465792 0.597719 0.049885 0.071844
1 0.428354 0.634646 0.045750 0.075281
1 0.401104 0.689323 0.045562 0.091302
1 0.309781 0.624583 0.031042 0.049219
1 0.273167 0.593125 0.039812 0.075385
1 0.304667 0.554312 0.048146 0.085146
1 0.265625 0.509115 0.041698 0.089771
1 0.232844 0.552292 0.039896 0.084479
1 0.196969 0.598948 0.049417 0.092958
1 0.164500 0.644031 0.047427 0.092344
1 0.078000 0.621573 0.032229 0.044885
1 0.045458 0.670000 0.029094 0.052656
1 0.006865 0.807552 0.013729 0.061365
1 0.012995 0.723062 0.025990 0.074812
1 0.082823 0.734208 0.045646 0.091167
1 0.307719 0.457823 0.044615 0.104417
1 0.440396 0.439427 0.052042 0.071438
1 0.617104 0.505896 0.038990 0.076833
1 0.693531 0.511760 0.046990 0.090469
1 0.537083 0.503062 0.043896 0.064510
1 0.508010 0.550490 0.050208 0.077510
1 0.540969 0.594979 0.038979 0.064656
1 0.585354 0.635979 0.039312 0.061958
1 0.581688 0.547094 0.035771 0.069781
1 0.621333 0.591323 0.037187 0.065917
1 0.695990 0.600521 0.036354 0.072896
1 0.664479 0.553125 0.041469 0.079927
1 0.478187 0.761573 0.038156 0.053323
1 0.668542 0.743302 0.041219 0.091979
1 0.700844 0.687219 0.037104 0.063542
1 0.664104 0.644281 0.041677 0.088083
1 0.396719 0.599156 0.041344 0.080646
1 0.243760 0.631979 0.042073 0.069635
1 0.210635 0.678208 0.041635 0.068781
1 0.125240 0.669490 0.028615 0.055688
1 0.548104 0.681156 0.037031 0.066740
1 0.584625 0.735594 0.043542 0.081594
1 0.720479 0.994576 0.049531 0.010849
1 0.680188 0.974508 0.049854 0.050984
1 0.544240 0.995299 0.047813 0.009401
1 0.458500 0.994396 0.051365 0.011208
1 0.306719 0.994396 0.039969 0.011208
1 0.219594 0.993674 0.041469 0.012651
1 0.033625 0.993130 0.044156 0.013740
1 0.044042 0.763083 0.033906 0.062802
1 0.135885 0.773365 0.045469 0.084813
1 0.168854 0.816292 0.039750 0.074479
1 0.216542 0.768104 0.044052 0.072844
1 0.256062 0.803260 0.038198 0.056365
1 0.318031 0.721813 0.040187 0.061250
1 0.285125 0.687156 0.033688 0.089583
1 0.324688 0.795708 0.026740 0.044156
1 0.631615 0.756333 0.029469 0.043510
1 0.633000 0.994031 0.047427 0.011938
1 0.125792 0.994758 0.055000 0.010484
1 0.311281 0.086885 0.034323 0.082885
1 0.769240 0.083323 0.024969 0.036396
1 0.745104 0.067396 0.030719 0.032771
2 0.735833 0.742469 0.029177 0.042312
2 0.824521 0.745875 0.038115 0.054281
2 0.874573 0.740281 0.035250 0.047500
2 0.924844 0.736198 0.040917 0.046687
2 0.976167 0.732094 0.034698 0.045094
2 0.921125 0.862240 0.045969 0.131083
2 0.871729 0.868063 0.051615 0.139042
2 0.819667 0.870396 0.048260 0.144448
2 0.770635 0.868656 0.045812 0.137292
2 0.798656 0.777146 0.037146 0.042521
2 0.850000 0.797594 0.031708 0.084146
2 0.896865 0.793073 0.032760 0.081740
2 0.992612 0.770646 0.014776 0.057469
2 0.954875 0.774625 0.044344 0.054406
2 0.903812 0.700979 0.035729 0.035833
2 0.961229 0.694073 0.035719 0.038198
1 0.084937 0.800437 0.032073 0.050135
1 0.368583 0.092104 0.026687 0.087260
2 0.846906 0.705406 0.039437 0.045615
2 0.792479 0.707562 0.036083 0.048792