1 0.763906 0.251896 0.037198 0.059469
1 0.798438 0.273844 0.040448 0.062156
1 0.829312 0.300281 0.042177 0.075979
1 0.867948 0.341177 0.054906 0.107469
1 0.803135 0.360667 0.038281 0.107063
1 0.745906 0.378104 0.047490 0.097094
1 0.708927 0.339531 0.045125 0.077823
1 0.766844 0.319583 0.040177 0.071917
1 0.737187 0.292531 0.034396 0.063365
1 0.703667 0.269854 0.040385 0.062125
1 0.638542 0.286219 0.038865 0.055083
1 0.672823 0.311771 0.040187 0.064240
1 0.639198 0.336146 0.035125 0.042823
1 0.606917 0.329771 0.037823 0.068417
1 0.573490 0.302719 0.033167 0.059865
1 0.684615 0.396906 0.047135 0.102875
1 0.558792 0.428323 0.045708 0.096281
1 0.491552 0.445677 0.046479 0.104958
1 0.423531 0.460760 0.043510 0.099687
1 0.357688 0.470385 0.043437 0.089281
1 0.297615 0.487396 0.053490 0.099448
1 0.383219 0.344375 0.037375 0.066531
1 0.446979 0.334010 0.037604 0.070385
1 0.511437 0.315271 0.035625 0.059667
1 0.542396 0.342490 0.031917 0.074323
1 0.478656 0.360927 0.031385 0.073594
1 0.453667 0.400542 0.045917 0.074719
1 0.415979 0.373021 0.033781 0.077531
1 0.354448 0.386958 0.043479 0.079375
1 0.384583 0.413615 0.033656 0.072667
1 0.323510 0.427781 0.046698 0.075677
1 0.319052 0.357354 0.036333 0.067896
1 0.257125 0.368385 0.040479 0.067531
1 0.190083 0.377573 0.038042 0.069990
1 0.220760 0.407458 0.032958 0.070469
1 0.253792 0.434052 0.036333 0.075927
1 0.222146 0.501354 0.048646 0.102031
1 0.183375 0.445188 0.028958 0.064917
1 0.152969 0.415573 0.030333 0.067896
1 0.126750 0.386750 0.032146 0.071719
1 0.078500 0.372271 0.028208 0.027563
1 0.084948 0.409271 0.027365 0.045156
1 0.006531 0.498219 0.013062 0.041531
1 0.153260 0.505292 0.034552 0.093281
1 0.124458 0.458813 0.039135 0.076979
1 0.113604 0.951583 0.041312 0.096833
1 0.012266 0.535885 0.024531 0.034021
1 0.018760 0.570490 0.035490 0.034927
1 0.030625 0.602115 0.022906 0.033552
1 0.033594 0.634635 0.030552 0.036979
1 0.042812 0.675458 0.031917 0.043604
1 0.050427 0.711156 0.031542 0.034073
1 0.065115 0.746531 0.034135 0.034271
1 0.066125 0.778302 0.033969 0.038396
1 0.078042 0.816906 0.034052 0.042844
1 0.088062 0.853813 0.028854 0.034219
1 0.099333 0.887635 0.033552 0.035031
1 0.509344 0.369167 0.035250 0.046635
0 0.196521 0.312354 0.067615 0.073375
0 0.258417 0.317042 0.054458 0.050813
0 0.309937 0.298187 0.076792 0.069542
0 0.386896 0.287281 0.069302 0.056625
0 0.477094 0.282073 0.042625 0.074448
0 0.533365 0.264771 0.065240 0.055438
0 0.600500 0.251010 0.066865 0.053906
0 0.657833 0.237458 0.043771 0.052958
0 0.733927 0.223542 0.045802 0.046156
0 0.817052 0.209760 0.101635 0.084437
0 0.133250 0.323615 0.075333 0.069146
0 0.021966 0.340583 0.043932 0.083042
2 0.147448 0.008857 0.047896 0.017714
2 0.162406 0.078510 0.049854 0.134958
2 0.222635 0.078302 0.058510 0.141906
2 0.291167 0.067135 0.059521 0.129125
2 0.412260 0.057065 0.056771 0.114130
2 0.657823 0.032174 0.047740 0.064349
2 0.593760 0.036669 0.048021 0.073339
2 0.530875 0.045451 0.047281 0.090901
2 0.468948 0.048927 0.046823 0.097854
2 0.204823 0.006266 0.037427 0.012531
2 0.103573 0.089000 0.059438 0.141219
2 0.052260 0.093719 0.050948 0.142396
2 0.012310 0.102729 0.024620 0.146437
2 0.078812 0.029182 0.029771 0.058365
2 0.028885 0.017948 0.039750 0.035896
2 0.014161 0.432115 0.028323 0.056646
2 0.017648 0.389583 0.035297 0.036313
2 0.046437 0.469938 0.042260 0.058000
2 0.079354 0.528854 0.049719 0.097875
2 0.180354 0.520667 0.041625 0.036625
2 0.190750 0.551917 0.032271 0.040292
2 0.282813 0.939740 0.051625 0.100281
2 0.272552 0.873635 0.036552 0.037208
2 0.262521 0.839333 0.027927 0.035531
2 0.254417 0.803396 0.034583 0.037948
2 0.244563 0.766115 0.033688 0.040615
2 0.234167 0.727927 0.031688 0.034854
2 0.226177 0.697781 0.026333 0.036333
2 0.218948 0.659458 0.029031 0.036177
2 0.206917 0.620417 0.030292 0.030917
2 0.201396 0.583292 0.033969 0.039792