1 0.3564722536806342 0.04823291366906474 0.021684597961494904 0.05200989208633094
1 0.3805237825594564 0.05008543165467626 0.01636466591166478 0.052783273381294966
1 0.40222253680634207 0.05244154676258993 0.01730181200453001 0.05457284172661871
1 0.4243091732729332 0.05378597122302158 0.014640430351075878 0.05433003597122302
1 0.43695356738391844 0.05133093525179856 0.015229331823329558 0.049060251798561154
1 0.3395300113250283 0.0652203237410072 0.011494903737259343 0.08964478417266188
1 0.3455719139297848 0.02239658273381295 0.008128539071347678 0.014986510791366906
1 0.3668629671574179 0.02325089928057554 0.007819932049830124 0.014496402877697843
1 0.3880379388448471 0.0254181654676259 0.007746319365798414 0.016267985611510792
1 0.4086126840317101 0.025080935251798563 0.00784824462061155 0.014496402877697843
1 0.43026896942242354 0.02752248201438849 0.008502265005662514 0.015719424460431654
1 0.20276896942242353 0.03869154676258993 0.007304643261608154 0.015350719424460433
1 0.2104105322763307 0.032230215827338135 0.0071375990939977355 0.01525179856115108
1 0.2209088335220838 0.03911870503597122 0.007151755379388449 0.009613309352517986
1 0.22982446206115514 0.03584532374100719 0.006998867497168743 0.013318345323741008
1 0.2999150622876557 0.09990557553956834 0.027729331823329557 0.049159172661870504
1 0.5279699886749717 0.02879496402877698 0.008128539071347678 0.01643435251798561
1 0.5386608154020385 0.05394334532374101 0.016211778029445074 0.052805755395683454
1 0.550812570781427 0.029383992805755394 0.009077010192525482 0.016879496402877697
1 0.5166845979614949 0.053214928057553956 0.015328425821064553 0.05099820143884892
1 0.44855889014722533 0.041551258992805755 0.012953001132502832 0.043408273381294965
1 0.7120130237825595 0.04959532374100719 0.006568516421291053 0.012261690647482015
1 0.7014496036240091 0.07210881294964029 0.01208946772366931 0.04373201438848921
1 0.6934739524348811 0.050625 0.007669875424688562 0.014680755395683453
1 0.6364694224235561 0.0533273381294964 0.014153454133635335 0.05158273381294964
1 0.595416194790487 0.03720773381294964 0.007095130237825594 0.013848920863309353
1 0.5736070215175538 0.05233363309352518 0.011642129105322762 0.042999100719424456
1 0.5605945639864099 0.053696043165467625 0.01534541336353341 0.05085431654676259
1 0.5677434881087202 0.02906025179856115 0.009402604756511891 0.015494604316546763
1 0.5883946772366931 0.02727068345323741 0.008683465458663647 0.013381294964028777
1 0.6579331823329558 0.0552113309352518 0.014521517553793883 0.05351618705035971
1 0.6516619479048698 0.02626348920863309 0.009665911664779162 0.015395683453237411
1 0.6721545866364667 0.02589478417266187 0.010421857304643262 0.016128597122302156
1 0.39729898074745185 0.2193435251798561 0.01560872027180068 0.042302158273381296
1 0.6205577576443941 0.19792715827338128 0.01205832389580974 0.04231564748201439
1 0.6367950169875424 0.19511690647482013 0.013406002265005663 0.03816546762589928
1 0.6539750849377124 0.1929226618705036 0.01363533408833522 0.03523830935251799
1 0.669861268403171 0.19074640287769784 0.010818233295583238 0.03308003597122302
1 0.6871177802944508 0.18968525179856116 0.011664779161947905 0.03316546762589928
1 0.7038221970554926 0.1874820143884892 0.012332955832389582 0.033511690647482016
1 0.36043601359003397 0.14454586330935254 0.011109852774631937 0.026740107913669063
1 0.3785135900339751 0.14486960431654677 0.010829558323895809 0.024464928057553955
1 0.3960645526613817 0.14566546762589927 0.011342015855039638 0.021654676258992804
1 0.4128454133635334 0.14514388489208632 0.010317100792751981 0.016591726618705036
1 0.4304473386183465 0.1477517985611511 0.008165345413363534 0.02033273381294964
1 0.44746036240090603 0.14823741007194244 0.008986409966024915 0.020575539568345323
1 0.46940543601359 0.14763938848920866 0.008142695356738392 0.019743705035971223
1 0.4915996602491506 0.1493974820143885 0.006642129105322764 0.025089928057553956
1 0.526291053227633 0.14950989208633092 0.008233295583238957 0.01835431654676259
1 0.5988363533408834 0.15118705035971222 0.011780860702151756 0.023543165467625898
1 0.5846942242355605 0.15294514388489208 0.009629105322763306 0.02450089928057554
1 0.6176302378255945 0.14599820143884892 0.008281426953567384 0.016830035971223022
1 0.6393374858437145 0.16405575539568346 0.008490939977349943 0.018151978417266186
1 0.6552293318233295 0.16171312949640287 0.0087599093997735 0.017135791366906475
1 0.6707559456398642 0.1602203237410072 0.009065685164212911 0.015242805755395683
1 0.6877887882219705 0.1600359712230216 0.00982163080407701 0.015607014388489208
1 0.6684258210645527 0.14026978417266187 0.007964326160815402 0.011600719424460433
1 0.6521942242355606 0.14237859712230214 0.009065685164212911 0.011052158273381294
1 0.6354699886749717 0.14216276978417267 0.008156851642129105 0.010260791366906476
1 0.6236381653454134 0.16495953237410071 0.00783691959229898 0.01593525179856115
1 0.6086353340883351 0.16453237410071944 0.008323895809739523 0.014348021582733813
1 0.5925084937712344 0.18470323741007194 0.008066251415628539 0.015503597122302157
1 0.5710050962627407 0.18459082733812948 0.008873159682899208 0.014914568345323741
1 0.5490232163080409 0.18388938848920863 0.008567383918459797 0.013875899280575539
1 0.5586749716874292 0.16522482014388487 0.008400339750849377 0.014995503597122303
1 0.5470753114382786 0.14797212230215825 0.008771234428086071 0.01491906474820144
1 0.536469422423556 0.16559802158273382 0.008541902604756513 0.017904676258992804
1 0.514702718006795 0.1660476618705036 0.007797281993204983 0.017009892086330934
1 0.447004530011325 0.19142535971223024 0.01308890147225368 0.03298111510791367
1 0.46988391845979616 0.19726618705035973 0.012378255945639864 0.04611960431654676
1 0.35574178935447337 0.18632194244604317 0.011633635334088337 0.02935701438848921
1 0.3743544733861835 0.18588129496402878 0.011044733861834653 0.031047661870503597
1 0.350218006795017 0.16112410071942446 0.007046998867497169 0.020350719424460432
1 0.36892412231030575 0.1621223021582734 0.00756228765571914 0.017949640287769787
1 0.3862684031710079 0.16313848920863308 0.009510192525481315 0.01998201438848921
1 0.4037938844847112 0.16319694244604316 0.009048697621744055 0.018637589928057554
1 0.43674405436013586 0.16309802158273382 0.008997734994337486 0.01843525179856115
1 0.4803708946772367 0.16410521582733814 0.008859003397508494 0.01642086330935252
1 0.4188929784824462 0.2198606115107914 0.014699886749716874 0.04150629496402878
1 0.3959852774631936 0.25867805755395684 0.014646092865232161 0.03710881294964029
1 0.40928369195922987 0.239419964028777 0.015209513023782558 0.03778327338129497
1 0.4183805209513024 0.2578642086330935 0.013929784824462062 0.035481115107913665
1 0.4088929784824462 0.2734667266187051 0.013941109852774632 0.03153327338129496
1 0.440376557191393 0.2560521582733813 0.013238958097395243 0.032594424460431655
1 0.42910249150622876 0.2397886690647482 0.01443374858437146 0.03705035971223022
1 0.45017553793884485 0.2396357913669065 0.012344280860702153 0.03776079136690648
1 0.4383635334088335 0.21588129496402877 0.012202718006795017 0.03318794964028777
1 0.46016987542468857 0.21740107913669066 0.011574178935447339 0.03585431654676259
1 0.5315118912797282 0.2094064748201439 0.009923556058890146 0.016605215827338128
1 0.5147366930917328 0.2206564748201439 0.010036806342015855 0.03980665467625899
1 0.5260815402038505 0.24039118705035972 0.012882219705549263 0.038988309352517986
1 0.5343035107587769 0.25800809352517984 0.013558890147225368 0.031011690647482014
1 0.5241279728199321 0.2739478417266187 0.012434881087202719 0.0324955035971223
1 0.5167214043035108 0.2975494604316547 0.01238391845979615 0.03941097122302158
1 0.49189977349943376 0.2696043165467626 0.008437146092865232 0.021245503597122302
1 0.4819479048697622 0.2560251798561151 0.010821064552661382 0.03254046762589928
1 0.4905096262740657 0.23927158273381294 0.013086070215175537 0.036753597122302153
1 0.47989807474518686 0.21976169064748202 0.01133352208380521 0.03875
1 0.4709881087202718 0.23839928057553958 0.010843714609286523 0.036465827338129496
1 0.46123725934314835 0.2585386690647482 0.013431483578708946 0.040125899280575535
1 0.4524122310305776 0.27799910071942446 0.012890713476783692 0.03986061151079137
1 0.42890147225368064 0.2683048561151079 0.0087599093997735 0.019375
1 0.4200566251415629 0.2892086330935252 0.007907701019252549 0.02272931654676259
1 0.3952491506228766 0.29596223021582735 0.012885050962627405 0.0377023381294964
1 0.3961409966024915 0.33429856115107914 0.012650056625141563 0.03674460431654676
1 0.4069082672706682 0.3485836330935252 0.009048697621744055 0.026488309352517985
1 0.4088052095130238 0.31211330935251796 0.011919592298980748 0.032293165467625895
1 0.4302123442808607 0.3169244604316547 0.012406568516421291 0.039352517985611506
1 0.4913391845979615 0.19762140287769783 0.012126274065685163 0.045071942446043164
1 0.527400906002265 0.18968075539568346 0.014144960362400906 0.030836330935251798
1 0.5754303510758777 0.21837230215827338 0.010597395243488109 0.03316546762589928
1 0.5962032842582107 0.2209037769784173 0.012771800679501698 0.03905125899280575
1 0.5536806342015855 0.21714928057553956 0.011930917327293318 0.027846223021582735
1 0.5457785956964892 0.23762140287769784 0.013646659116647792 0.03345773381294964
1 0.5547366930917327 0.2568255395683453 0.010594563986409967 0.027909172661870502
1 0.5668006795016988 0.274523381294964 0.010685164212910533 0.026744604316546763
1 0.39394677236693093 0.1829136690647482 0.010308607021517553 0.018938848920863307
1 0.5658040770101925 0.23615557553956837 0.009722536806342016 0.03012140287769784
1 0.5765798414496036 0.25524730215827335 0.010107587768969424 0.028453237410071944
1 0.5968714609286524 0.2592176258992806 0.009881087202718006 0.0314658273381295
1 0.5883069082672707 0.23875899280575538 0.011271234428086072 0.034500899280575544
1 0.5376727066817667 0.3287365107913669 0.010370894677236694 0.02301708633093525
1 0.5894110985277464 0.3208498201438849 0.011203284258210646 0.039703237410071944
1 0.5981908267270668 0.29664118705035974 0.01008493771234428 0.027428057553956834
1 0.5882049830124575 0.2781070143884892 0.011327859569648924 0.03802158273381295
1 0.5155294450736126 0.2586285971223022 0.011237259343148356 0.03481115107913669
1 0.47395526613816535 0.2727967625899281 0.011435447338618347 0.03005845323741007
1 0.4649518686296716 0.2927517985611511 0.011316534541336354 0.02968974820143885
1 0.44174122310305775 0.288988309352518 0.007777463193657984 0.02403776978417266
1 0.5566761041902605 0.29402428057553953 0.010065118912797282 0.02880845323741007
1 0.5666024915062288 0.3175224820143885 0.011834654586636465 0.03522032374100719
1 0.6035277463193658 0.4483408273381295 0.013462627406568516 0.04273830935251798
1 0.5925764439411099 0.42780125899280574 0.013550396375990939 0.036308453237410075
1 0.5556257078142696 0.44804856115107916 0.01299546998867497 0.04090377697841727
1 0.532321630804077 0.4452293165467626 0.013960928652321632 0.03682553956834533
1 0.49106738391845983 0.442455035971223 0.01086353340883352 0.03127697841726619
1 0.4673867497168743 0.4418839928057554 0.011271234428086072 0.03138039568345324
1 0.4168403171007927 0.4454631294964029 0.012001698754246885 0.039478417266187046
1 0.42880804077010193 0.458035071942446 0.0107757644394111 0.02716726618705036
1 0.4196715741789354 0.32938848920863306 0.009215741789354472 0.027108812949640286
1 0.44463476783691963 0.3338264388489208 0.012358437146092865 0.03660971223021583
1 0.4535956964892412 0.35235611510791365 0.010804077010192524 0.03214928057553957
1 0.4665571913929785 0.33155575539568344 0.011973386183465459 0.03144334532374101
1 0.47729898074745186 0.34673111510791366 0.010382219705549265 0.024330035971223022
1 0.49414212910532274 0.31157374100719426 0.010922989807474519 0.026438848920863307
1 0.48519818799547 0.2966142086330935 0.009156285390713477 0.03866906474820144
1 0.3624377123442809 0.49623651079136694 0.008955266138165345 0.0164613309352518
1 0.32078708946772366 0.5061645683453238 0.009394110985277463 0.018214928057553956
1 0.3228001132502832 0.49013489208633093 0.009295016987542468 0.017679856115107914
1 0.49595130237825596 0.34347122302158273 0.0072678369195923 0.01906025179856115
1 0.5793742921857304 0.3264748201438849 0.008009626274065686 0.018781474820143886
1 0.5797508493771235 0.4450269784172662 0.012890713476783692 0.03705035971223022
1 0.568372027180068 0.46116456834532377 0.010971121177802945 0.029051258992805754
1 0.5443969422423556 0.45758543165467624 0.011030577576443941 0.024073741007194244
1 0.5206087202718007 0.455044964028777 0.012743488108720271 0.018057553956834532
1 0.47873725934314837 0.4595593525179856 0.010385050962627406 0.027405575539568346
1 0.4418912797281993 0.4477697841726619 0.01494903737259343 0.04128147482014389
1 0.3907021517553794 0.43517086330935256 0.009657417893544734 0.01826888489208633
1 0.39203567383918464 0.4963399280575539 0.010362400906002265 0.028534172661870503
1 0.402559456398641 0.5018884892086332 0.008799546998867497 0.016848021582733814
1 0.4711041902604757 0.5006160071942446 0.009861268403171008 0.02459982014388489
1 0.4824263873159683 0.507068345323741 0.008326727066817667 0.01689748201438849
1 0.43166477916194795 0.49901079136690646 0.011577010192525482 0.026074640287769787
1 0.4424150622876557 0.5041906474820144 0.009292185730464326 0.016758093525179856
1 0.4280266138165345 0.5381115107913669 0.010396375990939977 0.023107014388489208
1 0.38904586636466587 0.5346447841726618 0.009685730464326161 0.02241456834532374
1 0.30994903737259344 0.5228597122302158 0.010322763306908268 0.021011690647482012
1 0.2799745186862967 0.5011645683453237 0.010334088335220839 0.023826438848920863
1 0.2826472253680634 0.48490557553956837 0.009578142695356739 0.017846223021582733
1 0.2307502831257078 0.4749460431654676 0.010365232163080407 0.019775179856115106
1 0.24310588901472252 0.4772841726618705 0.008148357870894678 0.01821043165467626
1 0.23887599093997736 0.49275629496402884 0.00853057757644394 0.019181654676258993
1 0.2293035107587769 0.5064658273381295 0.008454133635334088 0.01881294964028777
1 0.22269252548131369 0.4906654676258993 0.008793884484711212 0.020930755395683454
1 0.18744620611551527 0.48630395683453237 0.01063986409966025 0.033125
1 0.19614382785956963 0.4733588129496403 0.01093431483578709 0.03439298561151079
1 0.21335220838052094 0.4795323741007194 0.010362400906002265 0.03487859712230215
1 0.20484711211778028 0.49244154676258994 0.009467723669309173 0.0354136690647482
1 0.21328142695356736 0.5102248201438849 0.00963193657984145 0.030710431654676257
1 0.19580407701019253 0.5068615107913669 0.007896375990939978 0.03397032374100719
1 0.18751698754246884 0.5260836330935251 0.011370328425821063 0.04650629496402878
1 0.2040118912797282 0.5323111510791366 0.011138165345413365 0.04584532374100719
1 0.16962910532276332 0.5202607913669065 0.010979614949037373 0.046713129496402876
1 0.17765571913929784 0.4937005395683453 0.007375424688561722 0.020759892086330937
1 0.1691053227633069 0.47483363309352516 0.008751415628539072 0.018610611510791367
1 0.17854473386183464 0.4686825539568345 0.009745186862967157 0.03160071942446043
1 0.16059739524348812 0.4627517985611511 0.009824462061155153 0.034100719424460434
1 0.1266845979614949 0.4494154676258993 0.010603057757644394 0.02990557553956835
1 0.14321913929784824 0.4560161870503597 0.009858437146092865 0.030926258992805756
1 0.0390317100792752 0.4380260791366906 0.009654586636466591 0.029604316546762592
1 0.03126274065685164 0.4537904676258993 0.013185164212910532 0.03865107913669064
1 0.047381087202718004 0.4617670863309353 0.01239524348810872 0.035876798561151085
1 0.06321347678369196 0.4687679856115108 0.012613250283125706 0.033327338129496405
1 0.05652038505096263 0.4438039568345324 0.009838618346545867 0.02429406474820144
1 0.06564269535673839 0.43627697841726615 0.010591732729331822 0.028597122302158273
1 0.057661381653454136 0.4185161870503597 0.009960362400906001 0.02804406474820144
1 0.0477519818799547 0.42756294964028774 0.010778595696489241 0.0283363309352518
1 0.07492638731596829 0.42827338129496406 0.011463759909399775 0.027261690647482014
1 0.08342865232163081 0.444851618705036 0.009470554926387317 0.029829136690647483
1 0.09152887882219705 0.4339613309352518 0.010169875424688562 0.024905575539568344
1 0.10939977349943374 0.4420503597122302 0.010433182332955832 0.029532374100719426
1 0.10074462061155152 0.4517086330935252 0.00983295583238958 0.03137140287769784
1 0.0904048697621744 0.4626888489208633 0.00998867497168743 0.03334532374100719
1 0.13504530011325028 0.46512589928057557 0.00963193657984145 0.0260431654676259
1 0.12601359003397508 0.47936151079136685 0.008867497168742923 0.03329136690647482
1 0.07999716874292186 0.4843030575539568 0.012675537938844848 0.046294964028776975
1 0.07382219705549264 0.4501753597122302 0.008825028312570782 0.02071043165467626
1 0.11826727066817667 0.460625 0.010359569648924124 0.029842625899280578
1 0.1517497168742922 0.47338579136690645 0.009841449603624009 0.031020683453237406
1 0.15951868629671573 0.49484712230215827 0.011404303510758777 0.03491906474820144
1 0.10875424688561722 0.4682913669064748 0.009340317100792753 0.024568345323741008
1 0.2565373725934315 0.5331294964028778 0.01004246885617214 0.021883992805755398
1 0.2696121177802944 0.5168030575539568 0.009657417893544734 0.022630395683453236
1 0.22055492638731597 0.5262904676258993 0.010809739524348811 0.02412320143884892
1 0.23302944507361267 0.7176618705035971 0.009416761041902604 0.01882643884892086
1 0.23585220838052096 0.7022212230215827 0.01108154020385051 0.015723920863309353
1 0.23947621744054362 0.6847931654676259 0.008748584371460928 0.018327338129496402
1 0.2426528878822197 0.6690467625899281 0.009600792751981878 0.016182553956834534
1 0.2540317100792752 0.5927158273381296 0.010537938844847113 0.01837230215827338
1 0.25654303510758775 0.5772392086330935 0.00966308040770102 0.017072841726618704
1 0.25870611551528877 0.5630980215827338 0.009269535673839185 0.016573741007194245
1 0.2610419026047565 0.5501843525179856 0.009620611551528878 0.016038669064748202
1 0.2513561721404303 0.608646582733813 0.009119479048697622 0.018385791366906476
1 0.24955549263873159 0.6240647482014389 0.009447904869762174 0.017378597122302157
1 0.24766138165345414 0.6395143884892086 0.010178369195922991 0.01768884892086331
1 0.2444677236693092 0.6534487410071942 0.008706115515288788 0.01652428057553957
1 0.29794733861834655 0.5627877697841727 0.01727916194790487 0.06433902877697842
1 0.3413193657984145 0.5633812949640288 0.016191959229898075 0.05085431654676259
1 0.3494224235560589 0.5281160071942446 0.00867497168742922 0.021848021582733815
1 0.3806426953567384 0.5673516187050359 0.016990373725934316 0.04880845323741007
1 0.4185277463193658 0.5712634892086331 0.01066251415628539 0.05069694244604316
1 0.4005379388448471 0.5181115107913669 0.009671574178935447 0.021506294964028776
1 0.43714609286523215 0.5194919064748201 0.009173272933182333 0.0177068345323741
1 0.4570979614949037 0.5745143884892087 0.012514156285390715 0.04846223021582734
1 0.4950537938844847 0.5751034172661871 0.010192525481313703 0.045894784172661865
1 0.5255832389580973 0.5741321942446043 0.012078142695356738 0.046447841726618706
1 0.5161976217440544 0.5409172661870504 0.009229898074745188 0.023408273381294965
1 0.5458493771234428 0.5287589928057554 0.011724235560588901 0.03593075539568345
1 0.5419960362400906 0.49975719424460435 0.008734428086070216 0.02006744604316547
1 0.553629671574179 0.5079136690647481 0.00861268403171008 0.017967625899280575
1 0.5817978482446206 0.49879946043165463 0.009711211778029444 0.018160971223021582
1 0.5138986409966024 0.5084892086330935 0.008366364665911665 0.017864208633093525
1 0.5051019252548131 0.5000404676258993 0.006305209513023782 0.01845773381294964
1 0.7191166477916195 0.5228462230215827 0.00953850509626274 0.020359712230215828
1 0.7086070215175538 0.5067805755395683 0.009159116647791619 0.018507194244604314
1 0.66670724801812 0.5110521582733812 0.009099660249150623 0.018628597122302158
1 0.6750651189127973 0.5030305755395683 0.012253680634201587 0.032243705035971224
1 0.687777463193658 0.5610161870503597 0.011727066817667045 0.04736960431654676
1 0.6775707814269535 0.5397437050359712 0.011172140430351076 0.03823741007194245
1 0.6468488108720272 0.5679496402877697 0.011251415628539072 0.048758992805755394
1 0.6349122310305776 0.5357464028776978 0.00979048697621744 0.02368705035971223
1 0.6331993204983013 0.5011420863309353 0.00950736126840317 0.019721223021582735
1 0.6250566251415628 0.5159712230215827 0.010721970554926387 0.021281474820143885
1 0.5934739524348811 0.505521582733813 0.008100226500566252 0.017553956834532373
1 0.9358295583238958 0.4324730215827338 0.010110419026047566 0.02566996402877698
1 0.9452151755379389 0.44194694244604316 0.010993771234428086 0.02683003597122302
1 0.9536070215175537 0.45335881294964026 0.011463759909399775 0.03279676258992806
1 0.9641081540203851 0.471011690647482 0.014923556058890147 0.046389388489208636
1 0.9464920724801813 0.47942446043165465 0.010404869762174406 0.046214028776978416
1 0.9309371460928653 0.4869514388489209 0.01290770101925255 0.04191097122302158
1 0.9208861834654587 0.4703012589928058 0.012265005662514157 0.033592625899280575
1 0.936627972819932 0.4616906474820144 0.010920158550396375 0.0310431654676259
1 0.9285673839184597 0.4500134892086331 0.00934881087202718 0.02735161870503597
1 0.9194563986409966 0.44022482014388487 0.010976783691959232 0.02681654676258993
1 0.9017553793884485 0.4472886690647482 0.010563420158550397 0.023776978417266188
1 0.911073046432616 0.458318345323741 0.010922989807474519 0.02772931654676259
1 0.9019337485843715 0.468839928057554 0.009546998867497169 0.018484712230215826
1 0.8931596828992072 0.4660881294964028 0.010280294450736128 0.029532374100719426
1 0.8840741789354474 0.4544109712230216 0.009014722536806342 0.025840827338129497
1 0.9142780294450736 0.49506744604316544 0.012811438278595697 0.044406474820143885
1 0.880079275198188 0.5086285971223021 0.012423556058890148 0.041560251798561154
1 0.8618035107587768 0.5161196043165467 0.012633069082672706 0.045305755395683454
1 0.8433154020385052 0.5226303956834532 0.01182616081540204 0.04303057553956835
1 0.8254190260475651 0.5267850719424461 0.01180634201585504 0.0385386690647482
1 0.8090911664779162 0.5341276978417266 0.014538505096262741 0.0429271582733813
1 0.8323584371460928 0.4723920863309352 0.010158550396375992 0.028718525179856114
1 0.8496885617214043 0.46791816546762593 0.010220838052095131 0.030382194244604314
1 0.8672083805209513 0.45982913669064746 0.009682899207248019 0.02575539568345324
1 0.8756228765571913 0.47157823741007193 0.00867497168742922 0.0320818345323741
1 0.8582984144960363 0.4795368705035971 0.00853057757644394 0.03176708633093525
1 0.8515062287655719 0.496636690647482 0.012480181200453001 0.03225269784172662
1 0.8412627406568517 0.4847571942446043 0.00918176670441676 0.03346672661870504
1 0.8245385050962627 0.49077338129496406 0.011817667044167611 0.03426258992805756
1 0.8327293318233295 0.5022796762589927 0.009147791619479049 0.03136690647482015
1 0.8161296715741789 0.5083947841726619 0.012692525481313702 0.03266636690647482
1 0.8149178935447339 0.4779946043165467 0.009875424688561722 0.029307553956834535
1 0.7980860702151755 0.48275629496402883 0.011002265005662515 0.029150179856115108
1 0.7798640996602492 0.4867221223021583 0.010339750849377124 0.030211330935251798
1 0.7882021517553793 0.4996223021582734 0.008958097395243489 0.0304181654676259
1 0.7971800679501698 0.511101618705036 0.009875424688561722 0.03277428057553957
1 0.7885787089467724 0.5401528776978417 0.013221970554926387 0.04404226618705036
1 0.7780407701019253 0.515908273381295 0.007870894677236694 0.02802158273381295
1 0.7697763306908267 0.503125 0.00824462061155153 0.029307553956834535
1 0.7626500566251415 0.4906834532374101 0.008737259343148358 0.03095773381294964
1 0.7495356738391846 0.4844334532374101 0.007667044167610418 0.01189748201438849
1 0.751288221970555 0.5004046762589929 0.007437712344280861 0.019491906474820145
1 0.7123471121177803 0.490580035971223 0.0077944507361268405 0.01763938848920863
1 0.7274716874292185 0.5387994604316546 0.008556058890147225 0.017927158273381295
1 0.7698556058890148 0.5418525179856115 0.009391279728199321 0.04026528776978417
1 0.7620271800679502 0.5217895683453238 0.010637032842582106 0.033228417266187055
1 0.6058550396375991 0.5695413669064748 0.01241506228765572 0.044757194244604316
1 0.5950056625141563 0.5368255395683453 0.009000566251415628 0.022099820143884893
1 0.5837429218573047 0.5195908273381294 0.007505662514156286 0.019464928057553958
1 0.5647366930917328 0.5731474820143885 0.011169309173272935 0.047603417266187054
1 0.47680067950169874 0.5312589928057554 0.01063986409966025 0.04155575539568345
1 0.5064467723669309 0.5209172661870504 0.006438278595696489 0.01993255395683453
1 0.7590770101925255 0.7380620503597123 0.01122876557191393 0.04892985611510791
1 0.7307927519818799 0.5550584532374101 0.008148357870894678 0.01468525179856115
1 0.7332984144960363 0.5699955035971224 0.009646092865232164 0.015076438848920863
1 0.7365232163080409 0.583646582733813 0.006225934314835787 0.014482913669064748
1 0.7373301245753114 0.5976843525179856 0.008304077010192526 0.01596223021582734
1 0.7398357870894677 0.6153057553956834 0.00867497168742922 0.018821942446043165
1 0.74190543601359 0.630714928057554 0.008573046432616083 0.01470773381294964
1 0.7458975084937713 0.6459847122302158 0.009278029445073614 0.014793165467625899
1 0.7461721404303511 0.6596987410071943 0.00923272933182333 0.016573741007194245
1 0.7494110985277463 0.6763624100719424 0.00925537938844847 0.018493705035971225
1 0.7521347678369196 0.692293165467626 0.007842582106455265 0.014770683453237411
1 0.75519818799547 0.7068929856115108 0.009119479048697622 0.015121402877697842
1 0.8666392978482446 0.48309352517985615 0.009580973952434882 0.020130395683453237
1 0.4923074745186863 0.037504496402877695 0.009328992072480183 0.03577787769784172
1 0.6167808607021517 0.035966726618705036 0.00678652321630804 0.015710431654676258
1 0.6102208380520951 0.029091726618705037 0.008349377123442808 0.01414568345323741
1 0.5556511891279728 0.5367895683453238 0.008864665911664779 0.019820143884892085
1 0.14872027180067948 0.50068345323741 0.009014722536806342 0.020696942446043167
1 0.1416845979614949 0.48500449640287774 0.009855605889014723 0.03068794964028777
0 0.15116930917327293 0.43832284172661873 0.014719705549263874 0.020026978417266188
0 0.11857021517553794 0.42839028776978416 0.010676670441676105 0.014258093525179856
0 0.13208663646659116 0.4308543165467626 0.013691959229898075 0.01822841726618705
0 0.100019818799547 0.4242670863309353 0.010107587768969424 0.01787320143884892
0 0.22469705549263874 0.4531384892086331 0.016047565118912796 0.025296762589928058
0 0.17733012457531144 0.4472437050359712 0.014362967157417892 0.01607014388489209
0 0.1659286523216308 0.44562500000000005 0.010931483578708946 0.015395683453237411
0 0.3048074745186863 0.4721762589928057 0.01539920724801812 0.024258093525179856
0 0.3257276330690827 0.47272482014388484 0.013244620611551529 0.02279676258992806
0 0.3376642129105323 0.47448741007194245 0.01672989807474519 0.028889388489208634
0 0.35093997734994337 0.48558453237410076 0.014620611551528878 0.03056205035971223
0 0.36786523216308037 0.48129046762589933 0.017992638731596827 0.02133543165467626
0 0.38829841449603625 0.4750584532374101 0.015059456398640996 0.020732913669064747
0 0.41532559456398643 0.48078237410071945 0.01684031710079275 0.020323741007194245
0 0.4333097395243488 0.47933453237410073 0.010826727066817667 0.013255395683453238
0 0.4776925254813137 0.4829946043165468 0.016837485843714608 0.023776978417266188
0 0.5735050962627406 0.48453237410071937 0.009221404303510759 0.03743705035971223
0 0.6163221970554926 0.4807059352517985 0.016724235560588902 0.03939748201438849
0 0.6338873159682898 0.4815242805755396 0.014781993204983013 0.025651978417266186
0 0.594524348810872 0.48427607913669063 0.013904303510758777 0.02441996402877698
0 0.7816138165345413 0.4585701438848921 0.018377689694224236 0.0316726618705036
0 0.7984371460928652 0.4605935251798561 0.014801812004530011 0.021933453237410073
0 0.812440543601359 0.452455035971223 0.02087202718006795 0.030017985611510794
0 0.8333578708946773 0.44774730215827335 0.018836353340883353 0.024442446043165467
0 0.8578737259343149 0.44549910071942445 0.01158550396375991 0.032135791366906474
0 0.8731681766704418 0.4380305755395683 0.0177321630804077 0.023929856115107912
0 0.8914156285390713 0.43209082733812954 0.018173839184597963 0.023268884892086332
0 0.9069988674971687 0.4262410071942446 0.011896942242355607 0.02285971223021583
0 0.9276812004530012 0.4202338129496403 0.012449037372593431 0.019923561151079138
0 0.9502746319365798 0.41428507194244607 0.027624575311438276 0.036447841726618704
0 0.7644167610419026 0.4634307553956835 0.02047565118912797 0.02984712230215827
0 0.7302293318233296 0.47075539568345326 0.019821630804077013 0.03584532374100719
0 0.7107417893544734 0.46826438848920865 0.01782842582106455 0.03406474820143885
0 0.6887627406568516 0.4806744604316547 0.01576727066817667 0.024910071942446044
0 0.6697678369195923 0.47665917266187047 0.01903737259343148 0.029379496402877698
0 0.6527038505096262 0.4758947841726619 0.017644394110985277 0.028421762589928058
0 0.28646375990939976 0.47113309352517985 0.020096262740656852 0.02121402877697842
0 0.26517836919592297 0.4624865107913669 0.018292751981879955 0.03245053956834532
0 0.24585787089467723 0.45945143884892087 0.019614949037372594 0.02606115107913669
0 0.20922706681766703 0.4539298561151079 0.017202718006795015 0.01950539568345324
3 0.4665090600226501 0.5467086330935252 0.009903737259343147 0.03403776978417266
3 0.6062882219705549 0.6836330935251799 0.023819365798414496 0.03102967625899281
3 0.6081172140430351 0.7398830935251799 0.011073046432616081 0.0320818345323741
3 0.6215260475651189 0.7365692446043166 0.018895809739524348 0.031470323741007195
3 0.6250736126840317 0.7631070143884893 0.011509060022650057 0.036281474820143884
3 0.5954813137032842 0.772068345323741 0.02113816534541336 0.03783723021582734
3 0.612638731596829 0.7727517985611511 0.015699320498301247 0.03368705035971223
3 0.5828086070215176 0.6923426258992805 0.011149490373725935 0.02418615107913669
3 0.5904331823329558 0.7044514388489209 0.01307757644394111 0.038376798561151074
3 0.5680067950169876 0.7024999999999999 0.017052661381653452 0.03949190647482014
3 0.3953114382785957 0.7020548561151079 0.011860135900339751 0.037598920863309356
3 0.3882219705549264 0.7335926258992805 0.013567383918459797 0.043547661870503594
3 0.3721149490373726 0.7381294964028776 0.008830690826727067 0.02055755395683453
3 0.38940543601359007 0.7670458633093525 0.012214043035107588 0.037306654676258995
3 0.42451868629671574 0.7334397482014389 0.01804643261608154 0.0277113309352518
3 0.46311438278595696 0.6981025179856115 0.016678935447338616 0.03019334532374101
3 0.4749631936579841 0.6870548561151079 0.012613250283125706 0.02111960431654676
3 0.5046007927519819 0.6912005395683454 0.005954133635334089 0.028412769784172662
3 0.494286523216308 0.6968660071942445 0.011511891279728199 0.02320593525179856
3 0.493173839184598 0.713021582733813 0.013386183465458664 0.020948741007194245
3 0.554125141562854 0.6897931654676258 0.00983295583238958 0.02560251798561151
3 0.533253114382786 0.6921447841726618 0.007729331823329559 0.03481115107913669
3 0.5429813137032843 0.6972392086330935 0.013827859569648925 0.027963129496402877
3 0.5350849377123443 0.7369739208633094 0.01423272933182333 0.029766187050359712
3 0.546545866364666 0.7484262589928058 0.013952434881087203 0.024114208633093527
3 0.5637032842582106 0.7395728417266186 0.010266138165345412 0.03346672661870504
3 0.5743346545866365 0.7615737410071942 0.015198187995469988 0.0479091726618705
3 0.5618969422423555 0.7746987410071943 0.014227066817667043 0.025557553956834535
3 0.550376557191393 0.7696043165467625 0.010393544733861835 0.01737410071942446
3 0.5750169875424689 0.7318210431654676 0.014278029445073613 0.019469424460431654
3 0.5205549263873159 0.7616726618705036 0.014193091732729332 0.02656025179856115
3 0.5104784824462061 0.7708723021582734 0.01297281993204983 0.030431654676258996
3 0.5172593431483579 0.6921043165467626 0.018335220838052096 0.018196942446043165
3 0.513929784824462 0.7116456834532374 0.011676104190260475 0.034226618705035974
3 0.4968516421291054 0.7584172661870504 0.009382785956964892 0.058125
3 0.4747508493771234 0.7444154676258993 0.008720271800679502 0.017104316546762588
3 0.4864496036240091 0.7683678057553956 0.013626840317100793 0.04044964028776978
3 0.4666109852774632 0.7715827338129496 0.017992638731596827 0.03736061151079137
3 0.4436466591166478 0.7614658273381295 0.013955266138165345 0.04367805755395684
3 0.45461778029445077 0.7499820143884892 0.010090600226500566 0.028232913669064746
3 0.4414750849377123 0.7287634892086331 0.010942808607021516 0.023367805755395682
3 0.45523216308040776 0.7231384892086331 0.012018686296715743 0.020139388489208633
3 0.46665911664779164 0.7287185251798561 0.011392978482446206 0.05239658273381295
3 0.442718006795017 0.6899460431654677 0.011174971687429218 0.026407374100719423
3 0.4324575311438279 0.7077607913669065 0.0162400906002265 0.031969424460431654
3 0.42054077010192525 0.6901573741007194 0.014957531143827859 0.03433902877697842
3 0.4095498301245753 0.687918165467626 0.009246885617214042 0.02935701438848921
3 0.40106738391845975 0.7399820143884892 0.013100226500566253 0.02576888489208633
3 0.43095696489241225 0.7642535971223022 0.010416194790486976 0.02320593525179856
3 0.4012967157417894 0.7613714028776978 0.012627406568516422 0.038988309352517986
3 0.4842185730464326 0.7258857913669065 0.012197055492638732 0.03314748201438849
3 0.4090996602491506 0.7179811151079136 0.013706115515288787 0.03337230215827338
3 0.37313137032842586 0.7146762589928057 0.014014722536806343 0.03628597122302158
3 0.4980379388448471 0.8033408273381295 0.012701019252548131 0.056443345323741005
4 0.7286296715741789 0.7791681654676258 0.00992638731596829 0.020508093525179856
4 0.7137287655719139 0.780831834532374 0.009561155152887883 0.017738309352517988
4 0.6895016987542469 0.7861555755395684 0.010721970554926387 0.016690647482014386
4 0.7014156285390714 0.7825854316546763 0.012140430351075879 0.018187949640287773
4 0.6800962627406568 0.7884577338129496 0.011752548131370328 0.017738309352517988
4 0.6677831257078143 0.7886960431654676 0.011132502831257078 0.016690647482014386
4 0.6547678369195923 0.7908408273381294 0.012627406568516422 0.01691996402877698
4 0.6420385050962627 0.7900674460431655 0.01213193657984145 0.017904676258992804
4 0.6314326160815401 0.7927607913669065 0.01236409966024915 0.018723021582733812
4 0.6212344280860702 0.7952068345323741 0.008935447338618346 0.02004946043165468
4 0.6099801812004529 0.7936825539568346 0.01330973952434881 0.01971223021582734
4 0.6001302378255945 0.7959802158273381 0.0102519818799547 0.019626798561151078
4 0.5911240090600226 0.7964748201438848 0.010486976217440543 0.017508992805755394
4 0.26205832389580974 0.771740107913669 0.011831823329558323 0.01785521582733813
4 0.2756964892412231 0.7721492805755396 0.006959229898074745 0.01308003597122302
4 0.28875707814269536 0.7729676258992806 0.007151755379388449 0.013700539568345323
4 0.3009258210645526 0.7762724820143885 0.008768403171007928 0.012176258992805755
4 0.3380520951302378 0.7826978417266187 0.008122876557191393 0.01231564748201439
4 0.35170724801812003 0.7834892086330936 0.005348244620611552 0.011866007194244604
4 0.3644818799546999 0.7856879496402878 0.007533975084937712 0.014235611510791366
4 0.3772112117780294 0.7895863309352518 0.008029445073612683 0.009829136690647482
4 0.3275339750849377 0.783318345323741 0.008533408833522084 0.010508093525179856
4 0.4129813137032843 0.7903776978417266 0.008190826727066818 0.014460431654676257
4 0.4018686296715742 0.7903507194244604 0.00837202718006795 0.013390287769784173
4 0.38943091732729335 0.7908588129496402 0.00942242355605889 0.017455035971223023
4 0.44115515288788226 0.7954046762589928 0.009804643261608155 0.01739658273381295
4 0.43150906002265005 0.7920998201438849 0.008117214043035108 0.013839928057553958
4 0.4244309173272933 0.7925359712230216 0.008049263873159683 0.015224820143884892
4 0.45163929784824464 0.7952068345323741 0.009331823329558325 0.014968525179856114
4 0.5299773499433749 0.7970953237410072 0.009818799546998868 0.015701438848920866
4 0.5197281993204983 0.7962499999999999 0.00756228765571914 0.014010791366906476
4 0.5105719139297848 0.7955575539568345 0.008451302378255946 0.013133992805755395
4 0.5397678369195923 0.7983273381294964 0.007313137032842582 0.011551258992805756
4 0.5596460928652321 0.7977473021582734 0.007383918459796149 0.02004946043165468
4 0.5680039637599095 0.7962095323741007 0.008091732729331823 0.01748201438848921
4 0.5788137032842582 0.7955845323741008 0.009229898074745188 0.01420863309352518
2 0.3858408833522084 0.3196267985611511 0.009815968289920726 0.01399730215827338
2 0.36213193657984144 0.32625000000000004 0.009617780294450736 0.03143884892086331
2 0.35577293318233294 0.3076753597122302 0.01065118912797282 0.03295863309352518
2 0.35670158550396375 0.3346178057553957 0.009909399773499434 0.018579136690647483
2 0.36659682899207247 0.3738669064748201 0.012548131370328426 0.05929406474820144
2 0.3544394110985278 0.3723471223021583 0.009985843714609288 0.05880395683453237
2 0.37992072480181205 0.37019784172661874 0.010770101925254813 0.05322841726618705
2 0.3819818799546999 0.3374370503597122 0.009093997734994337 0.014698741007194243
2 0.37140430351075876 0.33577338129496404 0.009062853907134768 0.014856115107913669
2 0.3715033975084938 0.2991232014388489 0.008728765571913929 0.01584982014388489
2 0.38452434881087205 0.3012994604316547 0.007783125707814269 0.01607913669064748
2 0.3400481313703284 0.3619424460431655 0.00920158550396376 0.03799460431654676
2 0.32653737259343146 0.36236960431654675 0.011155152887882219 0.03503147482014388
2 0.6077010192525482 0.32049010791366905 0.00793035107587769 0.01826438848920863
2 0.6318063420158551 0.32196043165467625 0.010359569648924124 0.023430755395683452
2 0.6454105322763307 0.3195458633093525 0.009580973952434882 0.02050359712230216
2 0.6590741789354473 0.317783273381295 0.011121177802944507 0.02015287769784173
2 0.6730237825594564 0.31601169064748197 0.00943091732729332 0.019464928057553958
2 0.6867383918459796 0.3139973021582734 0.008873159682899208 0.01925359712230216
2 0.7012457531143829 0.31279226618705036 0.010099093997734995 0.020962230215827337
2 0.7144705549263873 0.31129046762589924 0.010962627406568516 0.021137589928057553
2 0.7287429218573047 0.3087769784172662 0.011514722536806342 0.024051258992805757
2 0.74309456398641 0.30589478417266186 0.011237259343148356 0.022410071942446045
2 0.7682757644394111 0.31803956834532376 0.013018120045300112 0.026695143884892084
2 0.7723414496036239 0.35763039568345323 0.013550396375990939 0.05825539568345324
2 0.788711778029445 0.35754046762589925 0.01590317100792752 0.061254496402877695
2 0.8073386183465459 0.3527203237410072 0.016177802944507363 0.055737410071942446
2 0.8402519818799546 0.3443525179856115 0.01543035107587769 0.05730665467625899
2 0.9069960362400906 0.32175359712230217 0.012975651189127973 0.05952787769784172
2 0.8895838052095131 0.32678956834532374 0.013052095130237825 0.057216726618705034
2 0.8724915062287656 0.33351618705035974 0.012851075877689695 0.05892535971223022
2 0.8556596828992072 0.33803507194244603 0.012726500566251417 0.05589028776978417
2 0.8476812004530012 0.270714928057554 0.006095696489241223 0.012059352517985612
2 0.8986438278595698 0.2862140287769784 0.00652321630804077 0.013214928057553957
2 0.8892893544733861 0.27464478417266186 0.006245753114382786 0.011663669064748201
2 0.879682899207248 0.26392985611510794 0.007466024915062288 0.014046762589928057
2 0.873728765571914 0.27971672661870506 0.007774631936579842 0.01704136690647482
2 0.8823187995469989 0.2918839928057554 0.007188561721404304 0.019154676258992805
2 0.8654784824462061 0.29720323741007193 0.0074858437146092865 0.01804406474820144
2 0.8321347678369195 0.2746267985611511 0.007202718006795017 0.0141681654676259
2 0.8403850509626274 0.28723920863309355 0.007491506228765572 0.013988309352517986
2 0.8484088335220837 0.30410071942446043 0.006438278595696489 0.022945143884892088
2 0.8636664779161948 0.26696492805755395 0.006308040770101926 0.011857014388489209
2 0.8241761041902604 0.2929946043165468 0.007723669309173274 0.020107913669064746
2 0.8318997734994338 0.305773381294964 0.008069082672706682 0.019946043165467626
2 0.8157814269535675 0.30872751798561154 0.008921291053227634 0.021092625899280574
2 0.8078284258210645 0.29555305755395683 0.007233861834654587 0.022045863309352518
2 0.8146800679501698 0.27892086330935256 0.0067214043035107585 0.012279676258992804
2 0.7986381653454133 0.2828462230215827 0.006619479048697622 0.012189748201438848
2 0.7828765571913929 0.28432104316546764 0.00796149490373726 0.014181654676258992
2 0.7915939977349943 0.29424010791366906 0.00851925254813137 0.013385791366906475
2 0.783870328425821 0.316681654676259 0.010172706681766704 0.02493705035971223
2 0.7759173272933182 0.2998201438848921 0.008482446206115515 0.02232913669064748
2 0.7353624009060024 0.2991007194244604 0.010161381653454133 0.024379496402877697
2 0.7517214043035108 0.2907508992805755 0.00789920724801812 0.011807553956834534
2 0.756350509626274 0.36215827338129497 0.01615515288788222 0.06095773381294964
2 0.7424037372593432 0.3641951438848921 0.013847678369195923 0.06146582733812949
2 0.7283380520951301 0.3680845323741007 0.013105889014722536 0.06321043165467627
2 0.7144960362400906 0.36984712230215827 0.0140118912797282 0.06038669064748202
2 0.70071630804077 0.36953237410071943 0.014037372593431484 0.06102068345323741
2 0.6861551528878822 0.37244604316546764 0.012502831257078142 0.063125
2 0.6580634201585505 0.37218974820143885 0.012494337485843715 0.05658273381294964
2 0.6446375990939978 0.37470323741007194 0.014028878822197055 0.06001798561151079
2 0.6304869762174405 0.37571043165467627 0.013117214043035107 0.062351618705035965
2 0.6171602491506228 0.3749595323741007 0.012451868629671573 0.05926258992805756
2 0.6247763306908267 0.33545863309352514 0.01009626274065685 0.01835431654676259
2 0.638731596828992 0.34428507194244606 0.008618346545866365 0.036321942446043164
2 0.651469422423556 0.3423336330935252 0.008904303510758776 0.035283273381294965
2 0.7083238958097395 0.33466276978417264 0.009932049830124575 0.03665917266187051
2 0.6943686296715742 0.3335611510791367 0.010450169875424688 0.03075089928057554
2 0.6806426953567385 0.33265287769784174 0.01031426953567384 0.024806654676258994
2 0.6672366930917327 0.3343705035971223 0.012052661381653455 0.023484712230215827
2 0.6533578708946772 0.3025809352517986 0.009711211778029444 0.015467625899280574
2 0.6689637599093998 0.29959982014388487 0.009708380520951302 0.016488309352517987
2 0.6851727066817668 0.2995908273381295 0.009940543601359004 0.016155575539568347
2 0.7011438278595696 0.29695593525179853 0.009093997734994337 0.014374999999999999
2 0.7170356738391847 0.2929856115107914 0.009295016987542468 0.012787769784172662
2 0.7665911664779161 0.2872032374100719 0.006746885617214042 0.012009892086330935
2 0.7496206115515288 0.3302248201438849 0.008091732729331823 0.03741906474820144
2 0.7360503963759909 0.32545413669064743 0.010804077010192524 0.027562949640287767
2 0.21448754246885618 0.5427562949640288 0.008757078142695357 0.01641187050359712
2 0.1877038505096263 0.731160071942446 0.01456681766704417 0.06476169064748201
2 0.19365798414496035 0.6769829136690647 0.010880520951302378 0.017221223021582733
2 0.19811721404303512 0.6453057553956835 0.010402038505096264 0.01673111510791367
2 0.20229898074745187 0.6154496402877698 0.00936862967157418 0.015431654676258993
2 0.20746319365798413 0.5846178057553957 0.011698754246885617 0.014091726618705036
2 0.20998301245753115 0.568363309352518 0.009544167610419027 0.015557553956834533
2 0.21244337485843715 0.5548561151079137 0.009733861834654587 0.01647931654676259
2 0.1888646659116648 0.6936645683453238 0.010690826727066817 0.014703237410071944
2 0.19560588901472253 0.6621178057553957 0.00898074745186863 0.019240107913669063
2 0.2008097395243488 0.6317131294964029 0.010789920724801812 0.016214028776978417
2 0.20483578708946773 0.599671762589928 0.01184597961494904 0.01658273381294964
2 0.2790203850509626 0.5496043165467626 0.013674971687429217 0.040899280575539564
2 0.3195526613816535 0.563080035971223 0.014781993204983013 0.05133992805755396
2 0.3564722536806342 0.5732553956834533 0.013711778029445074 0.06026079136690648
2 0.3699660249150623 0.5376483812949641 0.012652887882219705 0.027778776978417265
2 0.39843714609286524 0.578543165467626 0.018343714609286525 0.06131744604316547
2 0.43270385050962623 0.5858093525179856 0.021373159682899205 0.06759442446043167
2 0.47242355605889014 0.5867266187050361 0.022916194790486975 0.06434802158273382
2 0.5474745186862967 0.5852922661870504 0.018640996602491508 0.060521582733812945
2 0.5864580973952435 0.5813758992805755 0.01482163080407701 0.05777428057553957
2 0.6277746319365799 0.5776438848920864 0.016288221970554927 0.05571043165467626
2 0.669422423556059 0.5737904676258992 0.01642129105322763 0.05848021582733813
2 0.4091421291053227 0.5370143884892086 0.009238391845979617 0.018259892086330935
2 0.44704699886749716 0.542783273381295 0.012276330690826728 0.021857014388489207
2 0.4558493771234428 0.5218884892086332 0.01308890147225368 0.019123201438848922
2 0.4504501698754247 0.4988893884892086 0.009892412231030576 0.01821043165467626
2 0.655039637599094 0.509136690647482 0.01544167610419026 0.03235611510791367
2 0.6551443941109852 0.5346133093525179 0.011455266138165346 0.019491906474820145
2 0.6462768969422423 0.5217041366906475 0.01231030577576444 0.03049910071942446
2 0.6133918459796149 0.5126124100719425 0.012114949037372593 0.027873201438848923
2 0.6015486976217441 0.5029991007194244 0.009818799546998868 0.02452338129496403
2 0.605118912797282 0.5269334532374101 0.014006228765571914 0.032387589928057556
2 0.5788448471121178 0.5399685251798562 0.007403737259343148 0.016546762589928057
2 0.6155860702151755 0.5436960431654676 0.012483012457531145 0.028133992805755396
2 0.5628171007927519 0.5044109712230216 0.011322197055492639 0.020998201438848924
2 0.5753510758776897 0.513898381294964 0.013799546998867498 0.029177158273381295
2 0.5653737259343149 0.521353417266187 0.010436013590033976 0.02026978417266187
2 0.6975509626274066 0.5346582733812949 0.011704416761041904 0.02751798561151079
2 0.6881228765571913 0.5190872302158274 0.013238958097395243 0.03256294964028777
2 0.7304898074745187 0.5102652877697842 0.010815402038505097 0.024451438848920863
2 0.7322876557191393 0.4919064748201439 0.011010758776896942 0.015674460431654675
2 0.7408210645526614 0.5265917266187051 0.011486409966024916 0.02503597122302158
2 0.7497678369195923 0.5520233812949641 0.013513590033975084 0.042248201438848915
2 0.7772197055492638 0.5484892086330935 0.01131370328425821 0.01580935251798561
2 0.7800453001132502 0.561978417266187 0.008771234428086071 0.017392086330935252
2 0.8050679501698754 0.7293839928057554 0.014031710079275199 0.04328687050359712
2 0.8022791619479049 0.700849820143885 0.009934881087202719 0.01606115107913669
2 0.7995526613816535 0.6860431654676259 0.007590600226500566 0.015337230215827337
2 0.7973499433748584 0.6705305755395683 0.00939977349943375 0.016380395683453237
2 0.7946715741789355 0.6544379496402878 0.009156285390713477 0.017531474820143885
2 0.7918459796149491 0.6379541366906475 0.00861268403171008 0.015044964028776978
2 0.7896744054360136 0.6249415467625898 0.007157417893544734 0.015683453237410074
2 0.7877095130237826 0.6083992805755395 0.007890713476783693 0.015616007194244602
2 0.7844394110985277 0.591546762589928 0.008233295583238957 0.013345323741007194
2 0.7829388448471122 0.5755215827338129 0.00923272933182333 0.017176258992805758
2 0.7090770101925254 0.5585971223021583 0.01456681766704417 0.043017086330935254
2 0.6942893544733861 0.49600719424460427 0.011780860702151756 0.016888489208633093
2 0.5352265005662514 0.5417311151079136 0.01011608154020385 0.021025179856115107
2 0.5248754246885617 0.5257778776978417 0.010605889014722538 0.024361510791366905
2 0.5219818799546999 0.5032014388489208 0.011217440543601359 0.023660071942446043
2 0.49044167610419026 0.5046582733812949 0.012508493771234428 0.02498201438848921
2 0.41208380520951304 0.5022841726618704 0.010322763306908268 0.026906474820143887
2 0.42129105322763305 0.5054541366906475 0.01034541336353341 0.017045863309352517
2 0.38030860702151753 0.516043165467626 0.01234144960362401 0.016321942446043163
2 0.3287599093997735 0.5268480215827338 0.010402038505096264 0.01856115107913669
2 0.28855605889014724 0.5223471223021583 0.009161947904869763 0.022266187050359713
2 0.30026330690826725 0.5098336330935251 0.010181200453001133 0.02295413669064748
2 0.25923272933182334 0.5035296762589928 0.012287655719139298 0.02463129496402878
2 0.2627321630804077 0.48387140287769786 0.011288221970554926 0.013250899280575539
2 0.30172706681766703 0.48952338129496403 0.00991506228765572 0.015346223021582735
2 0.3413590033975085 0.4937994604316547 0.01060872027180068 0.015966726618705036
2 0.23881087202718007 0.5412230215827338 0.011823329558323895 0.04033273381294964
2 0.24762174405436013 0.5134802158273382 0.010855039637599095 0.0210431654676259
1 0.402440543601359 0.4600314748201439 0.009827293318233296 0.031294964028776975
2 0.340099093997735 0.5104631294964028 0.011486409966024916 0.01341726618705036
2 0.4958069082672707 0.5295593525179856 0.010594563986409967 0.0306294964028777
2 0.4626642129105323 0.507976618705036 0.010764439411098529 0.01481564748201439
1 0.8862570781426954 0.8605440647482014 0.01599660249150623 0.05906474820143885
1 0.7321545866364665 0.902365107913669 0.01584937712344281 0.051973920863309354
1 0.4780209513023782 0.92994154676259 0.016678935447338616 0.04913219424460431
1 0.4959682899207248 0.9247392086330934 0.008100226500566252 0.03528776978417266
1 0.331786523216308 0.9404496402877698 0.01582106455266138 0.05235161870503598
1 0.15415345413363535 0.9203192446043166 0.0029388448471121182 0.009982014388489209
3 0.1286608154020385 0.8875809352517986 0.015076443941109853 0.03337679856115108
0 0.9365090600226501 0.8719739208633094 0.022352774631936582 0.05273830935251799
2 0.7722876557191393 0.907455035971223 0.019459229898074748 0.05100269784172662
2 0.752281993204983 0.9176978417266187 0.01840317100792752 0.056591726618705034
2 0.7275509626274066 0.9614208633093524 0.018414496036240093 0.06546312949640289
1 0.1627661381653454 0.9447032374100719 0.014303510758776897 0.059590827338129496
1 0.07016421291053228 0.9477652877697842 0.013128539071347678 0.05066996402877698
1 0.08146942242355606 0.9629946043165467 0.014595130237825594 0.0579271582733813
1 0.09300113250283126 0.9469424460431655 0.01210079275198188 0.032261690647482015
1 0.5102661381653454 0.9206654676258993 0.011888448471121178 0.024838129496402878
1 0.32400906002265006 0.019590827338129498 0.008066251415628539 0.015723920863309353
1 0.3162768969422423 0.024276079136690647 0.006894110985277464 0.00995953237410072
1 0.2488590033975085 0.03513938848920863 0.008391845979614948 0.009806654676258993
1 0.43078708946772365 0.34551258992805756 0.008717440543601358 0.021641187050359712
4 0.599623442808607 0.9660026978417265 0.01715458663646659 0.03206384892086331
4 0.5744733861834654 0.9764433453237411 0.018649490373725937 0.03486061151079137
1 0.9229077010192526 0.9887589928057554 0.010300113250283127 0.021533273381294963
4 0.9596489241223103 0.8851124100719424 0.022466024915062287 0.03564748201438849
4 0.28907417893544735 0.9748875899280576 0.03653737259343149 0.032068345323741004
3 0.2614665911664779 0.9688893884892086 0.015625707814269536 0.062221223021582735
2 0.3814977349943375 0.5024190647482015 0.010733295583238957 0.01584982014388489
2 0.5061466591166478 0.5641007194244604 0.007443374858437146 0.015197841726618705
1 0.5078822197055493 0.03975719424460432 0.0072536806342015855 0.03766636690647482
2 0.6378907134767837 0.30449190647482016 0.010719139297848245 0.019689748201438848
2 0.6230973952434882 0.3054226618705036 0.009807474518686297 0.021061151079136694