0 0.746021 0.089635 0.026875 0.035563
0 0.774135 0.074667 0.026260 0.035333
0 0.812760 0.090625 0.026312 0.022271
0 0.845562 0.083042 0.025750 0.030854
0 0.143604 0.990234 0.035521 0.019531
0 0.241510 0.988792 0.038969 0.022416
0 0.212146 0.968539 0.036646 0.062922
0 0.175687 0.978849 0.039656 0.042302
0 0.275667 0.980294 0.042177 0.039411
0 0.306948 0.998010 0.034844 0.003979
0 0.336750 0.988247 0.037417 0.023505
0 0.402500 0.994938 0.038385 0.010124
0 0.915594 0.081406 0.030875 0.022719
