0 0.006865 0.057552 0.013729 0.061365
0 0.012995 0.005234 0.025990 0.010468
0 0.082823 0.014896 0.045646 0.029792
0 0.478187 0.019117 0.038156 0.038234
0 0.668542 0.019646 0.041219 0.039292
0 0.584625 0.013195 0.043542 0.026391
0 0.720479 0.288656 0.049531 0.099010
0 0.680188 0.241073 0.049854 0.084115
0 0.544240 0.287979 0.047813 0.094760
0 0.458500 0.281448 0.051365 0.085313
0 0.306719 0.275021 0.039969 0.072458
0 0.219594 0.273698 0.041469 0.072698
0 0.033625 0.281990 0.044156 0.091458
0 0.077656 0.311115 0.039646 0.062937
0 0.044042 0.022242 0.033906 0.044484
0 0.135885 0.032885 0.045469 0.065770
0 0.168854 0.066292 0.039750 0.074479
0 0.216542 0.027263 0.044052 0.054526
0 0.256062 0.053260 0.038198 0.056365
0 0.318031 0.001219 0.040187 0.002438
0 0.324688 0.045708 0.026740 0.044156
0 0.631615 0.014044 0.029469 0.028088
0 0.633000 0.280979 0.047427 0.085833
0 0.591135 0.318365 0.040365 0.067302
0 0.502927 0.310073 0.040583 0.055771
0 0.415406 0.304187 0.046885 0.041833
0 0.261354 0.314646 0.038208 0.063490
0 0.125792 0.287333 0.055000 0.095635
0 0.233271 0.409760 0.036281 0.056990
0 0.274927 0.424708 0.030635 0.039146
0 0.088167 0.406042 0.042594 0.060406
0 0.127719 0.418042 0.034188 0.038823
0 0.074781 0.496625 0.038250 0.053531
0 0.039833 0.573427 0.039229 0.117448
0 0.108333 0.453490 0.033750 0.041021
0 0.181740 0.580958 0.046042 0.112271
0 0.321385 0.582323 0.037500 0.106323
0 0.433708 0.580073 0.044437 0.107604
0 0.399177 0.503125 0.033958 0.054229
0 0.508271 0.474958 0.043135 0.083240
0 0.494094 0.407771 0.032135 0.046490
0 0.536896 0.426667 0.031688 0.041625
0 0.640531 0.405552 0.035729 0.042073
0 0.390719 0.428000 0.030781 0.041385
0 0.358354 0.408427 0.023198 0.042760
0 0.952927 0.433937 0.033479 0.043156
0 0.980568 0.415354 0.038864 0.074698
0 0.986172 0.500406 0.027656 0.088583
0 0.879865 0.565750 0.041396 0.112958
0 0.835948 0.491146 0.036021 0.054875
0 0.829646 0.410979 0.034979 0.045688
0 0.799687 0.445333 0.039448 0.049302
0 0.683490 0.421125 0.029802 0.040667
0 0.729042 0.569438 0.045677 0.103687
0 0.689125 0.493646 0.033115 0.051198
0 0.647688 0.453719 0.027615 0.045094
0 0.577760 0.577792 0.041094 0.110281
0 0.254229 0.480750 0.039146 0.096271
0 0.363302 0.456792 0.023687 0.046177
0 0.544333 0.493563 0.032615 0.045917
0 0.084937 0.050437 0.032073 0.050135
