0 0.280448 0.018945 0.043146 0.037891
0 0.129865 0.027781 0.041396 0.055562
0 0.542771 0.393177 0.041312 0.113354
0 0.447927 0.010643 0.035490 0.021286
0 0.459792 0.035448 0.022906 0.033552
0 0.462760 0.067969 0.030552 0.036979
0 0.471979 0.108792 0.031917 0.043604
0 0.479594 0.144490 0.031542 0.034073
0 0.494281 0.179865 0.034135 0.034271
0 0.495292 0.211635 0.033969 0.038396
0 0.507208 0.250240 0.034052 0.042844
0 0.517229 0.287146 0.028854 0.034219
0 0.528500 0.320969 0.033552 0.035031
0 0.990630 0.676927 0.018740 0.136833
0 0.443719 0.773812 0.058312 0.120406
