0 0.107354 0.345917 0.034646 0.043615
0 0.117740 0.310146 0.040771 0.036427
0 0.131073 0.269771 0.032188 0.042458
0 0.142760 0.233292 0.035323 0.037490
0 0.184625 0.056458 0.038771 0.042563
0 0.193865 0.020604 0.035552 0.039552
0 0.201823 0.003521 0.034104 0.007042
0 0.174781 0.093365 0.033552 0.042594
0 0.168156 0.129083 0.034760 0.040260
0 0.161188 0.164875 0.037448 0.040979
0 0.149438 0.197156 0.032031 0.038281
0 0.346198 0.030826 0.063573 0.061651
0 0.505771 0.023703 0.059573 0.047406
0 0.650448 0.027117 0.062510 0.054234
0 0.789833 0.032742 0.039229 0.065484
0 0.931740 0.035214 0.046042 0.070427
0 0.989018 0.837698 0.021964 0.113823
0 0.470698 0.862042 0.058208 0.121281
